,virus_id,sequence,subtype,phenotype,ic50,right_censored,bnAb,subtype_phenotype
0,3305_BM_C9,MRVRGIQRNWQHWRTWGILGFWMLMFYSVWGNLWVTVYYGVPVWREAKTTLFCASDAKAYEKEVHNVWATHACVPTDPNPQELVLGNVTEHFNMWKNEMVDQMHEDIISLWDESLKPCVKLTPLCVTLNCSNVKNETTTSNNTAGNVTVNNNAIKKEMKNCSFDVTTVVRDKKQKEYALFYRLDIVPLNGTGRKDNNCSTNNSSECNYSDYRLINCNTSTITQACPKVTFDPIPIHYCAPAGYAILKCNNETFNGTGPCTNVSTVQCTHGIKPVVSTQLLLNGSLAEKEIKIRSENLTNNVKTIIVHLNESVQIVCTRPGNNTRRSVRIGPGQTFYATGDIIGDIREAHCNISEGAWNKTLYMVSKKLEEYFPNKTIIFNSSSGGDLEITMHSFNCRGEFLYCNTSKLFNGIYNNYTEDNSTGPDITLPCRIKQIINMWQEVGRAMYAPPIAGEITCNSSITGLLLTRDGGNTRGNTTGGNETFRPGGGDMRDNWRSELYKYKVVEIRPLGVAPTEAKRRVVEREKRAVGIGALFLGFLGAAGSTMGAASITLTVQAKQLLSGIVQQQSNLLRAIEAQQHLLQLTVWGIKQLQARVLAIERYLKDQQLLGIWGCSGKLICTTAVPWNSSWSNKTVTEIWNSNMTWMDWDKEISNYTGIIYSLLADSQIQQEKNEKDLLALDSWKNLWNWFDITQWLWYIRIFIMIVGGLIGLRIIFAVLSIVNRVRQGYSPLSFQTLTQNPGGPDRLGRIEEEGGEQDRDRSVRLVSGFLPLIWDDLRSLCLFSYHRLRDCILIAARAVELLGRRGWETLKYLGSLVQYWSLELKKSAISLLDTLAIVVGEGTDRIIELIQRICRAIRNIPRRIRQGFEAALL,C,0,2.92,0,400,2
7,DU422_1,MRVRGIPRNWPQWWIWGILGFWMIIICRVVGNLDLWVTVYYGVPVWKEAKTTLFCASDAKAYDKEVHNVWATHACVPTDPNPQEIVLENVTENFNMWKNDMVDQMHEDIISLWDQSLKPCVKLTPLCVTLNCKNVNISANANATATLNSSMNGEIKNCSFNTTTELRDKKQKVYALFYKPDVVPLNGGEHNETGEYILINCNSSTITQACPKVSFDPIPIHYCAPAGYAILKCNNKTFNGTGPCNNVSTVQCTHGIKPVVSTQLLLNGSLAEEEIIVRSENLTNNIKTIIVHLNKSVEIKCTRPNNNTRKSVRIGPGQTFYATGEIIGDIREAHCNISRETWNSTLIQVKEKLREHYNKTIKFEPSSGGDLEVTTHSFNCRGEFFYCDTTKLFNETKLFNESEYVDNKTIILPCRIKQIINMWQEVGRAMYAPPIEGNITCKSNITGLLLTWDGGENSTEGVFRPGGGNMKDNWRSELYKYKVVEIKPLGVAPTKSKRKVVGREKRAVGLGAVLLGFLGAAGSTMGAASITLTVQARQLLSGIVQQQSNLLRAIEAQQHLLQLTVWGIKQLQTRVLAIERYLKDQQLLGLWGCSGKLICATAVPWNSSWSNKSLGDIWDNMTWMQWDREISNYTNTIFRLLEDSQNQQEKNEKDLLALDSWKNLWNWFDITNWLWYIKIFIMIVGGLIGLRIIFGVLAIVKRVRQGYSPLSFQTLIPNPRGPDRLGRIEEEGGEQDKDRSIRLVSGFLALAWDDLRSLCLFSYHQLRDFILTAARAAELLGRSSLRGLQRGWEVLKYLGNLVQYWGLELKRSAINLFDTIAIAVAEGTDRIIEVIQRICRAIRYIPTRIRQGFEAALL,C,1,50.0,1,400,3
8,ZM135_10A,MRVRGIQRNWQQWWIWGSLGFWMFMICSGVGNLWVTVYYGVPVWREAKTTLFCASDAKAYEKEVHNVWATHACVPTDPNPQELVLGNVTENFNMWENDMVDQMHEDIISLWDQSLKPCVKLTPLCVTLECKNATRSNQTTYYDNMDKEIKNCSFNVTTELTDKKKNMRALFYRADIEPLDGNSNESINSSEGDKYILINCNTSTIAQACPKVTFDPIPIHYCAPAGYAILKCNNKTFNGIGPCKNVSTVQCTHGIKPVVSTQLLLNGSLSEEGIIIRSKNLTDNTKTIIVHLNESVAIVCTRPNNNTRKSIRIGPGQTFYATGEVIGDIRQAHCNISGEQWNRTLERIKDKLTEYFPDKIIKFNHSSGGDLEITTHTFNCRGEFFYCNTSILFTENENSSDNITLPCRIKQFVNMWQEVGRAMYAPPIAGNITCNSSITGLLLTRDGGLNNKENGTETFRPQGGDMRDNWRSELYKYKVVEIRPLGVAPTKAKRRVVEKEKRAVGIGAVFLGFLGVAGSTMGAASITLTAQARQVLSGIVQQQSNLLRAIEAQQHMLQLTVWGIKQLQARVLAIERYLKDQQLLGIWGCSGKLICTTAVPWEDSWSNRTQEEIWNNMTWMQWDKEISNYTDTIYKLLTESQSQQDKNEKDLLALDSWKNLWNWFDITQWLWYIRIFIMIVGGLIGLRIIFAVLSIVNRVRQGYSPLSLQTLIPNPRELDRLGRIEEEGGEQDKSRSIRLVHGFLALAWDDLRSLCLFSYHRLRDFILVVARAVELLGHAGWETLKYLGSLVQYWGLELKKSAINLFDTIAIAVAEGTDRIIELVQRICRAIGNIPRRVRQGFEAALQ,C,0,0.5578904159914162,0,400,2
10,4707_BM_H2,MRVMGILRNYQQWWIWGILGFWMLMMGNGEDLWVTVYYGVPVWKEAKATLFCASDAKAYEKEVHNVWATHACVPTDPSPQEMVLGNVTENFNMWKNDMVDQMHEDIISLWDQSLKPCVKLTPLCVTLNCGNANTSNGSDIEEMKNCSFNITTELRDKKQRQEALFYKLDIVPLKDNSSMYRLINCNTSVVTQACPKVSFDPIPIHYCAPAGYAILKCNDKTFNGLGPCSNVSTVQCTHGIKPVVSTQLLLNGSLAEGEIIIRSENITNDVKTIIVHLNESVEIVCTRPNNNTRKGIGIGPGQTLYATGKIIGNIRQAHCNISRGNWTTTLHRVSKKLEEYFPNKTINFTSHAGGDPEITTHSFNCRGEFFYCNTSGLFNGTYNGTADNETEPITLQCRIKQIINMWQEVGRAMYAPPIEGYIECRSSITGLLLTRDGGYNIKNDTEIFRPGGGDMRDNWRSELYKYKVVEIKPLGVAPTKAKRRVVEREKRAVGLGAMFLGFLGVAGSTMGAASITLTVQARQLLSGIVQQQNNLLRAIEAQQHMLQLTVWGIKQLQARVLAIERYLKDQQLLGMWGCSGKLICTTAVSWNSSWSNRTQTDIWDNMTWMQWDKEISNYTNIIYNLLEESQNQQEKNEKDLLALDSWNNLWNWFSITKWLWYIKIFIMIVGGLIGLRIIFAVLSIVNRVRQGYSPLSFQTLTPNPRGPDRLGRIEEEGGEQDRDRSVRLVSGFLSLAWNDLRSLCLFSYHQLRDFILIAARAVQLLGRSSLKGLQKGWETLKYLESLVQYWGLELKKSAVSLFDTIAIAVAEETDRIIELLQRIGRAILNIPTRIRQGFERALL,C,1,25.0,1,400,3
15,GX24_8,MKVKGTQMNWPSLWKWGTLILGLVTICNASNNLWVTVYYGVPVWRDAETTLFCASDAKAHETEVHNVWATHACVPTDPNPQEILLENVTENFNMWKNKMVEQMQEDVISLWDQSLKPCVKLTPLCVTLICTDAKVKVNETNPTNGPDKIGNITDEIKNCTFNVSTELEDRKQKVHALFYKLDIVQMNSKNSNSSEYRLINCNTSVIKQACPKVSFDPIPIHYCTPAGYVILKCNDKNFNGTGPCKNVSSVQCTHGIKPVVSTQLLLNGSLAEEEIIIKSENLTNNAKTIIVHLNKSVEINCTRPSNNTRKSITMGPGRVYYRTGEIVGDIRKAYCEINGTKWYKVLGQVAEKLTKNFNKTIVFQPHSGGDLEIRTLHFNCKGEFFYCNTSKLFNNTCTNNTSMEGCNNTIILPCRIKQIINMWQGVGQAMYAPPISGRINCVSNITGILLTRDGGNNRTNETFRPEGGNIKDNWRNELYKYKVVEIEPLGIAPTKAKRIVVGREKRAVGIGAMIFGFLGAAGSTMGAASITLTVQARQLLSGIVQQQSNLLRAIEAQQHLLQLTVWGIKQLQARVLAVERYLKDQKFLGLWGCSGKIICTTTVPWNSSWSNKSYNEIWDNMTWIEWEREISNYTSQIYDILTESQNQQDQNEKELLELDKWASLWTWFDITKWLWYIKIFIIIVGSLIGLRIVFAVLSIVNRVRQGYSPLSFQIPTHHQREPDRPEEIGEDGGEQGRDRSVRLVSGFLALAWDDLRSLCLFLYHLLSDFILIAARTVNKGLRRGWEGLKYLGNLLVYWGQELKTNAISLLDAIAIAVAGWTDRVIEVAQRAWRALLHIPRRIRQGLERALL,01_AE,0,1.01,0,400,4
27,P0402_C2_11,MKVKGTQRNCQLLWKWGTLILGLVIMCNASNNLWVTVYYGVPVWEDADTPLFCASDAKAYSTESHNVWATHACVPTDPSPQEISLDNVTENFNMWKNNMVEQMHEDIISLWDESLKPCVKLTPLCVTLNCTNVNNSSATNNSMVDDREGLKNCSFNITTELRDKKKQEHALFYRLDIVPINGNSNSNSSVGDYRLINCNVSTIKQACPKMSFDPIPIHYCAPAGFAILKCRDKKFNGTGSCKNVSTVQCTHGIKPVISTQLLLNGSVAEEEIMIRSENFTNNAKNIIVQFNKTIDIMCTRPNNNTRKSISLGPGQAIYATGDIIGNIRQAHCNISGADWGNMIRNVSEKLKEIFNKTTITFKASAGGDLEITTHSFNCRGEFFYCDTSDLFNSSRFNNSSNDTNDTITLPCKIKQIVRMWQRVGQAMYAPPIAGNITCRSNITGLLLTRDGGGNNTNETETFRPAGGDMRDNWRSELYKYKVVKINPLGVAPTRARRRVVGREKRAIGMGAVLLGFLGTAGSTMGAASITLTVQVRQLLSGIVQQQSNLLRAIEAQQHLLQLTVWGIKQLQARILAVERYLKDQQLLGIWGCSGKLICTTNVPWNASWSNRSYNDIWENLTWVEWEREISNYTQQIYSLLEESQNQQEKNEQDLLALDKWASLWSWFDISNWLWYIRIFIMIVGGLIGLRIVFAVLSIINRVRKGYSPLSFQTLPHHQREPDRPGRIEEGDGEQGRDKSIRLVSGFLALAWDDLRSLCLFSYHHLRDFILIAARAVELLGRSSLKGLSLGWEGLKYLWNLLLYWGREIKNSAINLLDTVAIAVANWTDRAIEIVQRIGRAILNIPVRIRQGLERLLL,G,0,0.0804984471899924,0,400,4
39,SHX346_60,MRVKETQMNWPNLWKWGALILGLVIICSASDNLWVTVYYGVPVWRDADTTLFCASDAKAHETEVHNVWATHACVPTDPNPQEIYLENVTENFNMWKNKMAEQMQEDVISLWDQSLKPCVKLTPLCVTLNCTNAIWPNGTNTTNDSRIGNITDEVKNCTFNMTTEIKGRQQKVHAIFYKLDIVQINNNKNNDSMYRFINCNTSVIKQACPKISFDPIPIHYCTPAGYAILKCNDKNFNGTGPCKNVSSVQCTHGIKPVVSTQLLLNGSLAEEEIIIRSENLTNNAKTIIVHLNKSVEINCTRPSNNTRTSIPMGPGQVFYRTGDIIGDIRKAYCEINGTKWNKVLVQVTKKLKEYFNKTIIFEQQPEGGDLEIRTHHFNCRGEFFYCNTSSLFNNSCTNNTNMEGCNNTIILPCRIKQIINMWQGVGQAMYAPPISGRINCVSTITGILLTRDGGNNSNTNETFRPGGGNIKDNWRSELYKYKVVEIEPLGIAPTRAKRRVVEKQKRAVGIGAMIFGFLGAAGSTMGAASITLTVQARQLLSGIVQQQSNLLRAIEAQQHMLQLTVWGIKQLQARILAVERYLKDQTFLGLWGCSGKVICTTAVPWNSSWSNKSYEEIWGNMTWIEWEREISNYTSHIYKILTETQNQQDRNEKELLELDKWTSLWSWFDITNWLWYIKIFIIIIGSLIGLRIIFAVLSIVNRVRQGYSPLSFQIHPHHQREPDRPEETEEGGGEQGRDRSVRLVSGFLALAWDDLRSLCLFSYHLLRDSILITARTVELLGHSSLKGLRRGWEGLKYLGNLRLYWGQELKTSAISLLNATAITVAGWTDRVIELAQRAWRAFLHIPRRIRQGLERTLL,01_AE,0,1.18,0,400,4
51,BJ17A_6,MRVRGIQMNWPNLWKWGILIIGLVITCSTSNNLWVTVYYGVPVWRDADTTLFCASDAKAHDTEMHNVWATYACVPTDPNPQEILLENVTENFNMWKNNMVEQMQEDVISLWDQSLKPCVKLTPLCVTLNCTEANLTNNKTNGNITDNNNIGNITDEVKNCTFNMTTEIRDKMQKVYALFYKLDIVQMGNNSSEYRLINCNTSVIKQACPKVSFDPIPIHYCAPAGYAILKCNDKKFNGTGPCKNVSTVQCTHGIKPVVSTQLLLNGSLAEEEIIIRSENLTNNAKTIIVHLNKTVQIKCTRPSNNTRTSTRIGPGQVFYRTGAIIGDIRKAYCEINGTEWNETLNKVTKELKKHFNKTIVFQPPSGGDLETTMHHFNCRGEFFYCNTTKLFNRTENGTMSNATIILPCRIKQIVNMWQGVGQAMYAPPISGIINCISNITGILLTRDGGEGSNANNETFRPIGGNIKDNWRSELYKYKVVEIEPLGIAPTRAKRRVVEREKRAVGIGAMIFGFLGAAGSTMGAASITLTVQARQLLSGIVQQQSNLLRAIEAQQHLLQLTVWGIKQLQARVLAVERYLKDQKFLGLWGCSGKIICTTTVPWNSTWSNKSYEEIWNNMTWIEWEKEISNYTNKIYDLLTKSQDQQERNEKDLLELDKWASLWTWFDITNWLWYIKIFIMIVGGLIGLRIIFAVLSIVNRVRQGYSPLSFQTPFHQQREPDRPEGIEEGGGEQGRDRSVRLVSGFLALAWDDLRSLCLFSYHRLRDLILIATRTVELLGKGLRRGWEGLKYLGNLLLYWGQELKTSAISLLDAIAITTAGWTDRVIEVAQRAWRALLHIPRRIRQGLERALL,01_AE,0,0.0799999999999999,0,400,4
53,SC05_8C11_2344,MRVKETRRNWQHLWKWGTMLLGMLMICSAAGNLWVTVYYGVPVWKEATTTLFCASDAKAYDTEVHNVWATHACVPTDPNPQEVVLGNVTENFNMWKNNMVEQMHEDIISLWDQSLKPCVKLTPLCVTLNCTDVNGTSANVTSIEKGEIKNCSFNITTTIRDKVQKAYATFYSLDVVPIDNDQDNSSSSYRLTNCNTSVITQACPKVSFEPIPIHYCAPAGFALLKCNDKKFNGTGPCTNVSTVQCTHGIRPVVSTQLLLNGSLAEEEVVIRSENFTDNAKTIIVQLNNSVVINCTRPNNNTRKSIPIGPGSVFYTGEIIGDIRQAHCNLSNTDWNNTLKQVVIKLREQFENKTIVFNQSAGGDPEIVLHSFNCGGEFFYCNATQLFNSTWNINGTWNGTNGTTESNDTITLPCRIKQIINMWQEVGKAMYAPPIRGQIRCSSNITGLLLTRDGGNNNTSDTEIFRPGGGDMRDNWRSELYKYKVVKIEPLGIAPTKAKRRVVQREKRAVGTIGAMFLGFLGAAGSTMGAASLTLTVQARLLLSGIVQQQNNLLRAIEAQQHLLQLTVWGIKQLQARVLAVERYLRDQQLLGIWGCSGKLICTTTVPWNASWSNKSLNYIWDNMTWMQWDREINNYTTLIYTLLEDAQNQQEKNEHELLELDKWASLWNWFDITHWLWYIKIFIMIVGGLIGLRIVFAVLSIVNRVRQGYSPLSFQTHLPARREPDRPEGIEGEGGEKDKDRSVRLVHGFLALIWDDLRSLCLFSYHLLRDLLLIVTRIVETLGRRGWEVLKYWWNLLQYWSQELKNSAVSLFDAIAIAAAEGTDRAIEVVRRLFRAFLHIPTRIRQGLERALL,B,0,0.610819122163018,0,400,0
56,M02138,MRVKETQMNWPNLWKWGTLILGLVIICSAADNLWVTVYYGVPVWKDANTTLFCASDAKAHETEVHNIWATHACVPTDPNPQEMYLANVTENFNMWKNNMAEQMQEDVISLWDQSLKPCVKLTPLCVTLNCTNDISTNGTYNSSDIIGNITDEVRNCSFNMTTELIDKKQKVHALFYKLDIVQIEDDNSNRSMYRLINCNTSVIKQACPKVSFDPIPIHYCTPAGYVILKCNEKNFNGTGPCKNVSSVQCTHGIKPVVSTQLLLNGSLAEDEIIIRSENLTNNAKTIIVHLNESVEINCTRPYNTKIKVTRGPGRVYYRTGEITGDIRKAYCKINGTEWYKTLKQVAGKLREHFNNKTIIFQPPSGGDLEVTMHHFNCRGEFFYCNTTQLFNKTYRGNETMERSNGTIILPCKIKQIINMWQETGQAMYAPPINGEINCISNITGILLTRDGGINRTYNETFRPGGGNMKDNWRNELYKYKVVQIEPLGVAPTRAKRRVVEREKRAVGIGIMIFGFLGAAGSTMGAASITLTVQARQLLSGIVQQQSNLLRAIEAQQHLLQLTVWGIKQLQARVLAVERYLKDQKFLGLWGCSGKIICTTAVPWNSTWSNRSLEEIWDNMTWIEWEREISNYTSQIYEILTESQNQQDRNEKDLLELDKWASLWNWFNITNWLWYIKIFIMIVGGIIGLRIIFAVLSIVNRVRQGYSPLSFQTPIHQQREPDRPERIEEEGGEQGRDRSVRLVSGFLALAWDDLRSLCLFSYHRLRDFALIATRTVELLGRSSLKGLRRGWEGLKYLGNLLLYWVQELKISAVSLLDTTAIAVAGWTDRIIEVAQGAWRALLHIPRRIRQGFERALL,01_AE,0,0.6396492900876035,0,400,4
70,CNE8,MRVKETQMNWPNLWKWGTLILGLVIICSASDNLWVTVYYGVPVWRDADTTLFCASDAKAYDTEVHNVWATHACVPTDPNPQEIHLENVTENFNMWKNKMAEQMQEDVISLWDESLKPCVQLTPLCVTLNCTNANLNATVNASTTIGNITDEVRNCSFNTTTELRDKKQNVYALFYKLDIVPINNNSEYRLINCNTSVIKQACPKVSFDPIPIHYCAPAGYAILRCNDKNFNGTGPCKNVSSVQCTHGIKPVVSTQLLLNGSLAEDEIIIRSENLTDNVKTIIVHLNKSVEINCTRPSNNTRTSVRIGPGQVFYRTGDIIGDIRKAYCEINRTKWHETLKQVATKLREHFNKTIIFQPPSGGDIEITMHHFNCRGEFFYCNTTKLFNSTWGENTTMEGHNDTIVLPCRIKQIVNMWQGVGQAMYAPPIRGSINCVSNITGILLTRDGGTNMSNETFRPGGGNIKDNWRSELYKYKVVEIEPLGIAPTKAKRRVVEREKRAVGIGAMIFGFLGAAGSTMGAASITLTVQARQLLSGIVQQQSNLLRAIEAQQHLLQLTVWGIKQLQARVLAVERYLKDQKFLGLWGCSGKIICTTAVPWNSTWSNRSYEEIWDNMTWIEWEREISNYTSQIYEILTESQNQQDRNEKDLLELDKWASLWNWFDITRWLWYIKIFIMIVGGLIGLRIIFAVLSIVNRVRQGYSPLSFQTPTHHQREPDRPERIEEGGGEQDRDRSVRLVSGFLALAWDDLRSLCLFSYHRLRDLILIAVRTVELLGHGGLKGLRRGWEGLKYLGNLLLYWGQELKISAISLLDATAIAVAGWTDRIIEVAQRAWRAILHIPRRIRQGLERSLL,01_AE,0,0.1289140304149904,0,400,4
73,3168_V4_C10,MRVMGIQRNCQRWWIWGILGFWMLMIYSVGGNLWVTIYYGVPVWKEAKTTLFCASDAKAYSKEVHNVWATHACVPTDPDPQELFLENVTENFNMWKNDMVDQMHEDVISLWDQSLKPCVKLTPICVTLQCVDATIYNGTIKDSSTNYTLNSTEELKNCSFNMTTELRDKTRKVYALFYRLDVEPLNNDNNSTKYRLINCNTSAITQACPKVSFDPIPIHYCAPAGYAILKCNNETFNGTGPCNKVSTVQCTHGIRPVISTQLLLNGSLAEKDIIIRSENLTDNAKTIIVQLNESVEIVCERPNNNTRKSIRIGPGQTFYATGDIIGDIRQAHCNISEKAWNNTLHRVSEKLKEHFPNRTIQFNSSSGGDLEITMHSFNCRGEFFYCNTSILFNSTYNTNGTYWHKGRNDSNITLPCKIKQFINMWQEVGRAMYAPPIAGKITCVSNITGLLLTRDGGKGNNETETFRPGGGDMRDNWRSELYKYKVVEIKPLGIAPTKAQRRVVGREKRAVGLGAVFLGFLGAAGSTMGAASITLTVQARQLLSGIVQQQSNLLRAIEAQQHMLQLTVWGIKQLQARVLAIERYLKDQQLLGIWGCSGKLICTTNVPWNSSWSNKSEKDIWNNLTWMQWDREIDNYTNIIYELLEESQKQQENNEKELLALDKWGNLWNWFNITNWLWYIKIFIIIIGGLIGLRIIFAVLSIVNRVRQGYSPLSFQTLIPNPRGPDRPGRIEEEGGEQDRDTSVRLVNGFLALAWDDLRSLCLFSYHRLRDFILVTARAAELLGRSSLRGLQRGWEILKYLGSLVQYWGLELKKSAISLLDTTAIVVAEGTDRILELIQRICRAICNIPRRIRQGFETALL,C,0,0.182,0,400,2
76,3365_V2_C20,MRVRGIQRNWQHLLRWGTMILGIIIICSAAENMWVTVYYGVPVWRDAETTLFCASDAKGYETEKHNVWATHACVPTDPNPQEIHLENVTEEFNMWKNNMVDQMHTDIISLWDQSLKPCVKLTPLCVTLQCSDVTSNGTNSNVTNREEMKNCSFNVTTEIRDKKQKVYSLFYRLDIVQISNSSNSSEYILINCNTSTLTQACPKISFEPIPIHYCAPAGFAILKCKDEEFDGTGPCKNVSTVQCTHGIKPVVSTQLLLNGSLAEKGVKVRSENITNNAKNIIIQLSKPVEINCIRPNNNTRKSIRIGPGQSFYATGDIIEDIREAHCNVSQTEWNNTLHQVAEQLQKYFNNKTIIFNGSSGGDLEITTHSFNCGGEFFYCNTSGLFNSSWNINGNRESNKTQSNGTITLPCRIKQIINMWQRAGQAIYAPPIQGAIKCVSNITGLILTRDGGNNNNSSNETFRPGGGDMRDNWRSELYKYKVVKIEPLGVAPTRAKRRVVEREKRAVGIGAVFLGFLGAAGSTMGAASITLTVQARQLLSGIVQQQSNLLRAIEAQQQLLKLTVWGIKQLQARVLAVERYLRDQQLLGIWGCSGKLICTTNVPWNSSWSNKSYSEIWDNMTWLQWDKEVSNYTQIIYQLIEESQNQQEKNEQDLLALDKWASLWNWFNISNWLWYIKIFIMIIGGLIGLRIVFIVISVINRVRQGYSPLSFQIHTPAPVDLDRPGRIEEEGGEQGRGRSIRLVSGFLALAWDDLRNLCLFSYHRLRDLILIAARTVELLGHSSLKGLRLGWEGLKYLWNLLLYWGRELKNSAINLFDTIAIAVAGWTDRIIEIGQRIGRAILNIPTRIRQGFERALL,A1,0,0.0141146552416489,0,400,4
79,TH023_6,MRVKETQMTWPNLWKWGTLILGLVIICSASDNLWVTVYYGVPVWRDADTTLFCASDAKAQETEAHNVWATHACVPTDPNPQELHLENVTENFNMWKNNMVEQMQEDVISLWDQSLKPCVKLTPLCVTLNCTNANVTNVKNITNVPNIIGNITDEVRNCSFNMTTELRDKKQKVHALFYKLDIVPIEDNTSSSKYRLINCNTSVIKQACPKISFDPIPIHYCTPAGYAILKCNDKNFNGTGPCKNVSSVQCTHGIKPAVSTQLLLNGSLAEEEIIIRSENLTNNAKTIIVHLNKSVEINCTRPSNNTRTSINIGPGQVFYRTGDIIGDIRKAYCEINGAKWNEVLKKVTEKLKEHFNNKTIIFQPPSGGDLEITMHHFNCRGEFFYCNTTRLFNNTCMENETMEGCNGTIILPCKIKQIINMWQRAGQAMYAPPISGRINCVSNITGILLTRDGGLNNTNETFRPGGGNIKDNWRSELYKYKVVQIEPLGIAPTRAKRRVVEREKRAVGIGAMIFGFLGAAGSTMGAASITLTVQARQLLSGIVQQQSNLLRAIEAQQHLLQLTVWGIKQLQARVLAVERYLKDQKLLGLWGCSGKIICTTAVPWNSTWSNRSFEEIWNNMTWIEWEREISNYTNQIYEILTQSQNQQDRNEKDLLELDKWASLWKWFDITNWLWYIKIFIMIVGGLIGLRIIFAVLSIVNRVRQGYSPLSLQIPTHHQREPDRPERIEEGGGEQGRDKSVRLVSGFLALTWDDLRSLCLFSYHRLRDFISIAARTVELLGHSSLKGLRRGWEGLKYLGNLILYWGQELKISAISLLNATAIAVAGWTDRVIEVAQGAWRAILHIPRRIRQGLERTLL,01_AE,0,0.1,0,400,4
85,WEAU_D15_410,MRVKGIRKNYQHLWKWGIMLLGILMICSAAENLWVTVYYGVPVWKEATTTLFCASDAKAYDTEVHNVWATHACVPTDPNPQEVVLENVTENFNMWKNNMVEQMHEDIISLWDQSLKPCVKLTPLCVTLNCTNVNVTNLKNETNTNSSSGGEKMEEGEMKNCSFNVTTLIRNKRKTEYALFYKLDVMPIDHDNTSYTLINCNSSTITQACPKVSFEPIPIHYCAPAGFAILKCNDKKFNGKGPCKNVSTVQCTHGIRPVVSTQLLLNGSLAEEDIVIRSENFTDNAKNIIVQLNVSIEINCTRPNNNTRKKITLGPGRVLYTTGEIIGDIRRAHCNLSRTSWNNTLKQIVEKLREIKQFKNKTIVFKQSSGGDPEIVMHSFNCGGEFFYCNSTQLFNSTWHANGTWKNTEGADNNITLPCRIKQIINRWQEVGKAMYAPPIEGQIRCLSNITGLLLTRDGGSSEENQTEIFRPGGGNMKDNWRSELYKYKVVKIEPLGVAPTKAKRRVVQREKRAVGMLGAMFLGFLGAAGSTMGAASMTLTVQARLLLSGIVQQQNNLLRAIEAQQHLLQLTVWGIKQLQARVLAVERYLKDQQLLGIWGCSGKLICTTTVPWNASWSNRSQDYIWNNMTWMEWEREINNYTGLIYNLIEESQNQQEKNEQELLELDKWASLWTWFDISNWLWYIKIFIMIVGGLIGLRIVFTVLSIVNRVRQGYSPLSFQTHLPAPRGPDRPEGIEEEGGERDRDRSGRLVDGFLTLIWVDLRSLCLFLYHRLIDLLLIAKRIVELLGRRGWEALKYCWNLLQYWSQELKNSAVSLLNATAIAVAEGTDRVIEIVQRTCRAILHIPRRIRQGLERALL,B,0,0.2545584412271571,0,400,0
87,3103_V3_C10,MRVKGILRNYQQWWIWGILGFWMLMNCNGNTWVTVYYGVPVWKEAKTTLFCASDAKAYDKEVHNVWATHACVPTDPNPQEIVLENVTENFNMWKNDMVDQMHEDIISLWDESLKPCVKLTPLCVTLNCTNVNSTTNNTENSNINNNSEMKNCSFNITTEIRDKQKNVNALFYKLDIVSLKNDNNSYRLISCNTSTTTQACPKVTFDPIPINYCAPAGYAILKCNNKTFNGTGPCNNVSTVQCTHGIRPVVSTQLLLNGSLAEEEIIIRSENLTDNVKTIIVHLNESVNIVCTRPSNNTRKSVRIGPGQTFYATGEIIGDIRQAHCNISEAKWNKTLQRVSEKLQKHFPNKTIKFEPSSGGDLEVTTHSFNCRGEFFYCNTSRLFNGTYNDTGTTKNSNSTITLQCRIKQIVNMWQGVGRAMYAPPIAGNITCNSSITGLILTRDGGKNGTCDNNKTCETFRPGGGNMRDNWRSELYKYKVVEIKPLGIAPTKAKRRVVEREKRAVGIGAVLLGFLGAAGSTMGAASITLTVQARQLLSGIVQQQSNLLRAIEAQQQLLKLTVWGIKQLQARVLAVERYLKDQQLLGLWGCSGKLICTTNVPWNNSWSNKSQEEIWGNMTWIQWEKEIDNYTQEIYNLLEKSQNQQEMNEQELLALDKWANLWTWFDISNWLWYIKIFIMIVGGLIGLRIVFTVLSLVNKVRQGYSPLSFQTLLRSPRGPDRPEGIEEEGGEQGRDRSIRLVSGFLALAWDDLRNLCLFSYHHLRDLILIATRIVTLLGQRGWEALKYLWNLLQYWTQELKNSAISLFNTTAIAVAEGTDRVIEIGQRFCRAILNIPRRIRQGFERALL,A1CD,0,0.944,0,400,4
88,3637_V5_C3,MRVRGILRNYQQWWIWGILGFWMLIFCNGGENLWVTVYYGVPVWKEAKTTLFCASDAKGYDKEVHNVWATHACVPTDPNPQEMVLPNVTEDFNMWKNDMVDQMHEDIISLWDESLKPCVKLTPLCVTLTCKNATNDDTAVKEEMKNCSFSVTTELKDKQKQAYALFYRLDIVQLDNKTSSNNKNSSEEKYRLINCNTSATTQACPKVSFDPIPIHYCAPAGYAILKCNNETFNGTGPCTNVSTVQCTHGIKPVVSTQLLLNGSLAEGEIMIRSENITDNVKTIIVHLNESVEIVCTRPDNNTRKSIRIGPGQAFFATGAIIGKIRQAHCNISKGNWSQTLKGVKNKLQEYFPNKTIEFKQPSPGGDLEITMHSFNCRGEFFYCNTSGLFNNTLLNDTLTIDNNETITLPCRIKQIINMWQEVGRAMYAPPIAGNITCKSNITGLLLVRDGGISNGTDNKNETFRPGGGDMRNNWRSELYKYKVVEIKPLGVAPTRARRRVVEREKRAVGIGAVIFGFLGAAGSTMGAASIALTVQARQLLSGIVQQQGNLLRAIEAQQHLLQLTVWGIKQLQARVLALERYQRDQQLLGIWGCSGKLICTTNVPWNISWSNRSHDYIWENLTWMDWEREIDNYTGTIYTLLEISQNQQERNEQDLLALDSWASLWNWFDISKWLWYIRIFIMIVGGLIGLRIIFAVLSIVNRVRQGYSPLSFQTLTPSPGGLDRLRGIEEEGGEQDKDRSIRLVSGFLSLAWDDLRSLCLFSYHHLRDFILIAARAVETLGRRGWETLKYLGSLVQYWGLELKKSAISLLDSLAITVAEGTDRIIEVLQRIGRAILNIPTRIRQGFEAALL,C,0,1.16,0,400,2
91,R1166_C1,MRAKETQMNWPNLWKWGTLILGLVIICSASNNLWVTVYYGVPVWRDADTTLFCASDAKAHETEVHNVWATHACVPTDPNPQEIHLANVTENFNMWKNNMAEQMQEDVISLWDQSLKPCVKLTPLCVTLNCTKANFTKANSTNTSTNVSSTTGNITEEVRIENRTEEVRNCSFNMTTELRDKQQKVYALFYKLDLAQIGDKNSSNYRLINCNTSVIKQACPKISFDPIPIHYCTPAGYAILKCNDKNFNGTGPCKNVSSVQCTHGIKPVVSTQLLLNGSLAEEEIIIRSENLTNNAKTIIVHLNKSVEIKCTRPFNNTRTSVTIGPGQVFYKTGDIIGDIRRAYCEINRTEWNTTLKQVTKKLEKEFKNKTIIFQPPSGGDLEITMHHFNCRGEFFYCNTSHLFNSTWWMGNETREGCNSTNCTIILPCKIKQIINLWQKVGQAMYAPPIRGNISCVSNITGILLTRDGGVNNSTNETFRPGGGNIKDNWRNELYKYKVVQIEPLGIAPTRAKRRVVEREKRAVGIGAMIFGFLGAAGSTMGAASITLTVQARQLLSGIVQQQSNLLRAIEAQQHLLQLTVWGIKQLQARVLAVERYLKDQTFLGLWGCSGKIICTTAVPWNSTWSNKSYEEIWENMTWIEWEREISNYTNQIYGILTESQNQQDRNEKDLLELDKWASLWNWFDITKWLWYIKIFIMIVGGLIGLRIIFAVLSLVNRVRQGYSPLSFQTLTHHQREPDRPERTEEGGGEQDRDRSVRLVTGFLALAWDDLRSLCLFLYHRLRDFIWIAARTLELLGHSSLKGLRRGWEGLKYLGNLLLYWGQELKTSAISLLDATAIAVAGWTDRVIEVAQGAWRAFLHIPRRIRQGLERALL,01_AE,0,0.2224318252062066,0,400,4
92,6471_V1_C16,MRAKGILRNCQQWWIWGILGFWMLMICSGNENLWVTVYYGVPVWREAKTTLFCASDAKGYEKEVHNVWATHACVPTDPNPQEMKLGNVTENFNMWENDMVDQMHEDVISLWDQSLKPCVKLTPLCVTLNCSHAVRVTGNNDTATRKNTTVDNNNTVDDSTMDEQMKNCSFNVTTELRDKEKEQYALFYTVDVVNDSSTYRLINCNSSTITQACPKVSFDPIPIHYCAPAGYAILKCNNKTFNGTGPCNDVSTVQCTHGIKPVVSTQLLLNGSLAEEEIVIRSKDLNNTGNTIIVHLNKSIEIMCTRPGNNTRQSIRIGPGQTFYATGDIIGDIRQAYCNISKVKWNETLQMVGKKLREHYNFTNKGKIKFSPHPGGDLEVTMHSFNCRGEFFYCNTSKLFNSTYMPGYWPNATERNSTSNITLHCRIKQIINMWQGVARAMYAPPIRGNITCISNITGLLLTWDGDKTSNDPDTDVFRPGGGNMKDNWRSELYKYKVVEIKPLGIAPTRAKRRVVEREKRAVGIGAVLLGFLGAAGSTMGVASITLTVQARQLLSGIVQQQSNLLRAIEAQQHMLQLTVWGIKQLQARVLAIERYLQDQQLLGIWGCSGKLICTTTVPWNQSWTNKSYGEIWGNMTWMEWDREISNYSSAIYWLLEESQKQQDKNEKDLLALNSWNSLWNWFDISKWLWYIRLFIMIVGGLIGLRIIFAVLSIVNRVRQGYSPLSLQTLTPNLREPDRLGRIEEEGGEQDRDRSIRLVSGFLPLAWDDLRSLCLFCYHRLRDLILVTARALELLGRSILRGLQRGWEILKYLGSLVQYWGLEIKKSATNLLDTIAIAIAEGTDRIIEVIQRIGRAILNIPRRIRQGFEAALQ,C,1,50.0,1,400,3
93,249M_B10,MRVMGILRNCQPWWIWSILGFWMLMNCSGNLWVTVYYGVPVWREAKTTLFCASDAKAYEKEVHNVWATHACVPTDPNPQEMNLENVTENFNMWKNDMVDQMHEDIISLWDQSLKPCVKLTPLCVTLNCNNVNVTHNSTYNNTEGEQIKNCSFNITTELRDKKQKVYALFYKLDILPLNGNNDSNEYRLINCNTSAITQACPKVSFDPIPIHYCAPAGYAILKCNNKTFNGKGPCNNVSTVQCTHGIKPVVSTQLLLNGSLAEKEIIIRSENITDNVKIIIVHLNESVEINCTRPNNNTRKSIRIGPGQTFYATGEIIGKIREAHCNISKEKWNKTLLRVAKKLREHFPGKAIKFEPSSGGDLEITTHSFNCRGEFFYCTTSKLFNSTYNPNDTESNSNNSNETLTLTCKIKQIINMWQGVGRAMYAPPIEGSITCNSTITGLLLTRDGGSKNNTEEIFRPGGGNMKDNWRSELYKYKVVEIKPLGVAPTEAKRRVVEREKRAVGLGAVFLGFLGAAGSTMGAASITLTVQARQLLSGIVQQQNNLLRAIEAQQHMLQLTVWGIKQLQARVLAIERYLKDQQLLGIWGCSGKLICTTSVPWNTSWSNKSKAEIWDNMTWMQWDKEISNYTQTIYNLLEESQSQQEKNEKDLLELDSWNNLWNWFDISKWLWYIKIFIMIVGGLIGLRIIFAVLSIVNRVRQGYSPLSFQILTPNPRGPDRLGRIEEEGGEQDRDRSVRLANGFLALAWEDLRNLCLFFYHRLRDFILIAARTVELLRQISFKGLQRGWEALKYLGSLVQYWSQELKESAINLLNTIAIAVAEGTDRIIEVVQRGFRAILNVPTRIRQGLERALL,C,0,0.0587367006223536,0,400,2
108,TZBD_02,MRVRGRLRNWQQWWIWMWARLGFWLFMICNVVIGNLWVTVYYGVPVWKDAKTTLFCASDAKAYEKEVHNVWATHACVPTDPNPQEIVLGNVTEDFNMWENDMVDQMHEDIISLWDQSLKPCVKLTPLCVTLNCTNVNVTRGNNTQGYNTNSNNTDGGMRNCSFNITTELRDKKKKEYALFYKLDIVPLNVSTKEYRLINCNTSTVTQTCPKVSFDPIPIHYCAPAGYAILKCNNKTFTGTGPCLNVSTVQCTHGIKPVVSTQLLLNGSLAEEEIIIRSKNLTNNVNTIIVHLNESVEIVCTRPNNNTRKSIRIGPGQTFYATDIIGDIRQAYCNISKDDWNKTLQEVGRKLEEHFPNKTIEFKPSSGGDLEITTHSFNCRGEFFYCNTSGLFNSTYNSAYKSNDTTNSTITLPCRIKQIVNMWQEVGRAMYAPPIAGNITCKSNITGLLLVRDGGGESNETEIFRPGGGDMRDNWRSELYKYKVVEVKPLGIAPTEAKRRVVKRDKRAVGIGAMFLGFLGAAGSTMGAASMTLTVQARQVLSGIVQQQSNLLRAIEAQQHMLQLTVWGIKQLQARVLAIERYLKDQQLLGIWGCSGKLICTTAVPWNSSWSNISQKIIWENMTWMEWDKEISNYTNTIYSLLEESQSQQEKNEKELLALDSWKNLWNWFDISNWLWYIKLFIMIVGGLIGLRIIFAVLSIVNRVRQGYSPLSFQTLTPNPRELDRLGRIEEEGGEQDRGRSIRLVNGFLALAWDDLRSLCLFLYHRLRDFILIVTRGVELLGRSSLRGLQKGWEALKYLGSLVQYWGLELKKSAISLFDAFAIAVAEGTDRIIEVIQRICRAICNIPRRIRQGFEAALQ,C,0,0.1218888150742899,0,400,2
109,UG037_8,VMGIERNYPCWWTWGIMILGMIIICNTAENLWVTVYYGVPVWKDAETTLFCASDAKAYDTEVHNVWATHACVPTDPNPQEIYMENVTEEFNMWKNNMVEQMHTDIISLWDQSLKPCVQLTPLCVTLDCSYNITNNITNSITNSSVNMREEIKNCSFNMTTELRDKNRKVYSLFYKLDVVQINNGNNSSNLYRLINCNTSALTQACPKVTFEPIPIRYCAPAGYAILKCNDKEFNGTGLCKNVSTVQCTHGIRPVVSTQLLLNGSLAEGKVMIRSENITNNVKNIIVQLNETVTINCTRPNNNTRKSVRIGPGQTFYATGDIIGDIRQAHCNVSGSQWNRALHQVVGQLREYWNTTIIFKNSSGGDLEITTHSFNCGGEFFYCNTSGLFNSNWTHNDTASMKPNDTITLPCRIKQIINMWQRVGQAIYAPPIQGVIRCESNITGLILTRDGGGNINESQIFRPGGGDMRDNWRSELYKYKVVRIEPLGVAPTKAKRRVVEREKRAVVELGAVFIGFLGTAGSTMGAASITLTVQVRKLLSGIVQQQSNLLRAIEAQQHLLKLTVWGIKQLQARVLAVERYLRDQQLLGIWGCSGKLICTTNVPWNSSWSNKSEREIWENMTWLQWDKEISNYTHIIYELIEESQKQQEKNEQELLELDKWANLWNWFDISNWLWYIKIFIMIVGGLIGLRIVFAVLSVINRVRQGYSPLSFQTLTPNPRDPDRPGRIEGEGGEQDRGRSIRLVSGFLALAWDDLRNLCLSSYHQLRDFILIVARTVELLGHSSLKGLRLGWEGLKYLGNLLLYWGRELKTSAINLFDTIAIVVAGWTDRVIEVGQRLGRAILNIPRRIRQGLERALL,A1,0,0.039321643232655,0,400,4
111,231965_C1,MRVREIQRNYQYLWRWGTMLLGMLMTYSVAEQFWVTVYYGVPVWKEASTTLFCASDAKAYEAEAHNIWATHACVPTDPNPQEIEIKNVTENFNMWKNDMVEQMHEDIISLWDQSLQPCVKLTPLCVTLNCSDLDNSNKGNATNTTVASEAGMNTTVAPEAGMKNCSFNITTEVKDKKKLVYAHFYNLDVVQLDGNTNSYRLIHCNTSAITRACPKITFEPIPIHYCAPAGFAILRCNNKMFNGTGPCNNVSTVQCTHGIKPVVSTQLLLNGSLAEEGVIIRSENLTDNTKTIIVQLNESVIINCTRPNNNTRQGVHIGPGQALFTNRVIGNIRLAYCNISRKDWNKTLRQVAEKLGNLYNKTKIIFEPSSGGDPEIVTHSFNCGGEFFYCSTSKLFNETIDLNNTYNASIENNTIITLPCRIKQIINMWQGVGKAIYAPPIEGLIKCTSNITGILLTRDGGRDNSSSNETFRPGGGDMRDNWRSELYKYKVVKIEPIGLAPTKAKRRVVEREKRAIGLGAMFLGFLGAAGSTMGAASVTLTVQARQLLSGIVQQQNNLLRAIEAQQHLLQLTVWGIKQLQARVLAVERYLKDQQLLGIWGCSGKLICTTTVPWNTSWSNRTQEIWDNLTWMEWEREIDNYTGLIYSLIEESQIQQEQNEKDLLELDKWASLWNWFSITNWLWYIRLFIMIVGGLIGLRIIFAVLSIVNRVRQGYSPLSFQTLLPAPRGPDRPEGIEEEGGEQGRGRSIRLVNGFSALIWDDLRNLCLFIYHRLRDLILIATRIVELLGRRGWEALKYLWNLLQYWIQELKNSAISLLNTTAIAVAEGTDRAIEIIQTVVRAILNIPTRIRQGFERALL,D,0,1.405947747709005,0,400,4
113,QH0515_1,MRVKEIRRNCQRLRRWGTMLLGMLMICSATEQLWVTVYYGVPVWKEATTTLFCASDAKAYVTEKHNVWATHACVPTDPNPQEVVLENVTENFNMWKNNMVEQMHEDIISLWEQSLKPCVKLTPLCVTLNCTDKLRNDTSGTNSSSWEKVQKGEIKNCSFNITTGIRGRVQEYSLFYKLDVIPIDSRNNSNNSTEFSSYRLISCNTSVITQACPKISFEPIPIHYCAPAGFAILKCNDKKFNGTGPCKNVSTVQCTHGIKPVVSTQLLLNGSLAEEEVVIRSENFTNNVKSIIVQLNKSVVINCTRPNNNTRKSIHIGAGKALYTGEIIGDIRQAHCNLSRAQWNNTLKQIVIKLREQFGNKTIVFNQSSGGDVEIVMHSFNCGGEFFYCNSTQLFNSTWNGNDTWNDTWKDTTNDNITLPCRIKQIVNMWQKVGKAMYAPPIRGQIRCSSKITGLILTRDGGTNGTNETETFRPGGGNMKDNWRSELYKYKVVKIEPLGIAPTKAKRRVVQREKRAVGTIGAMFLGFLGAAGSTMGAASLTLTVQARLLLSGIVQQQNNLLRAIEAQQHLLQLTVWGIKQLQARVLAVERYLRDQQLLGIWGCSGRLICTTNVPWNTSWSNRSLNYIWDNMTWMQWDREINNYTDYIYTLLEDAQNQQEKNEQELLELDKWASLWNWFDITNWLWYIKIFIMIVGGLIGLRIVFAVLSIVNRVRQGYSPLSLQTHLPARRGPDRPEGIGEEGGERDRDRSVRLVHGFLALVWEDLRSLCLFSYHRLRDLLLIVARTVEILGQRGWEALKYWWNLLLYWSLELKNSAVSLVDTIAIAVAEGTDRIIEIARRIFRAFLHIPTRIRQGLERALL,B,0,0.0700527967783049,0,400,0
115,0702_BM_B4,MRVRGILRNWELWWIWGILGFWMFMICNMLENSWVTVYYGVPVWKEAKATLFCASDAKAYEKEVHNIWATHACVPTDPNPQEMFLENVTENFNMWKNDMVEQMNEDIISLWDESLKPCVKLTPLCVTLNCTIANLNYSIPGEKNQTEIRNCSFNATTEIKDKKKTVYVLFYKLDIVPLNNDSSSYRLINCNTSAIKQACPKVSFDPIPIHYCAPAGYAILKCNNNSFNGIGPCKNVSTVQCTHGIKPIVSTQLLLNGSLAEGDIIIRSENITNNIKTIIVHLNEPVPINCTRPGNNTRKSIRIGPGQAFYANTDIIGNIRLAHCNISRGLWNKTLENVRTKLKGYFPDKNITFEPASGGDLEITTHSFNCRGEFFYCNTTDLFQNSTEDNSTDITLPCNIKQIIRMWQRVGQAMYAPPVAGNITCNSQITGILLTRDGGNSKGNETFRPGGGDMRDNWRSELYKYKVVEVKPLGIAPTGAKRRVVDRGREKRAVGMGAVFLGFLGAAGSTMGAASITLTVQARQLLSGIVQQQSNLLKAIEAQQHLLQLTVWGIKQLQARVLAIERYLQDQQLLSLWGCSGKVICTTAVAWNSSWSNKSLTDIWNNMTWMEWDREVSNYTNTIYQLLEESQNQQERNEKDLLELDSWGNLWNWFDISNWLWYIKIFIMIVGGLIGLRIIFAVLSIVNRVRQGYSPLSFQTLTPHPRGPDRLGRIEEEGGEQDKDRSIRLVSGFLALFWDDLRNLCLFSYHRLRDLISIVARAVELLGRSSLRGLQKGWEALKYLGSLVQYWGLELKKSAVSLIDTLAIAVAEGTDRIIEYIQRICRAIYNIPRRIRQGFEAALL,C,0,0.02,0,400,2
119,BAL_01,MRVTEIRKSYQHWWRWGIMLLGILMICNAEEKLWVTVYYGVPVWKEATTTLFCASDAKAYDTEVHNVWATHACVPTDPNPQEVALENVTENFNMWKNNMVEQMHEDIISLWDQSLKPCVKLTPLCVTLNCTDLRNATSRNVTNTTSSSRGMVGGGEMKNCSFNITTGIRGKVQKEYALFYELDIVPIDNKIDRYRLISCNTSVITQACPKVSFEPIPIHYCAPAGFAILKCKDKKFNGKGPCSNVSTVQCTHGIRPVVSTQLLLNGSLAEEEVVIRSENFNNAKTIIVQLNESVEINCTRPNNNTRKSINIGPGRAFYTTGEIIGDIRQAHCNLSRAKWNDTLNKIVIKLREQFGNKTIVFKHSSGGDPEIVTHSFNCGGEFFYCNSTQLFNSTWNVTEESNNTVENNTITLPCRIKQIINMWQEVGRAMYAPPIRGQIRCSSNITGLLLTRDGGPEDNKTEVFRPGGGDMRDNWRSELYKYKVVKIEPLGVAPTKAKRRVVQREKRAVGIGAVFLGFLGAAGSTMGAASMTLTVQARLLLSGIVQQQNNLLRAIEAQQHLLQLTVWGIKQLQARVLAVERYLRDQQLLGIWGCSGKLICTTAVPWNASWSNKSLNKIWDNMTWMEWDREINNYTSIIYSLIEESQNQQEKNEQELLELDKWASLWNWFDITKWLWYIKIFIMIVGGLIGLRIVFSVLSIVNRVRQGYSPLSFQTHLPASRGPDRPGGIEEEGGERDRDRSGPLVNGFLTLIWVDLRSLFLFSYHRLRDLLLIVTRIVELLGRRGWEVLKYWWSLLQYWSQELKNSAVSLLNATAVAVAEGTDRVIEVIQRAVRAILHIPRRIRQGLERALL,B,0,0.1229999999999999,0,400,0
121,0702_BM_B9,MRVRGILKNWKLWWIWGILGFWMFMICNMLENSWVTVYYGVPVWKEAKATLFCASDAKAYEKEVHNIWATHACVPTDPNPQEMFLENVTENFNMWKNDMVDQMNEDIISLWDESLKPCVKLTPLCVTLNCTIANLNYSIPGEKDQTEIRNCSFNATTEIKDKKKTVYALFYKLDIVPLNNDSSSYRLINCNTSAIKQACPKVSFDPIPIHYCAPAGYAILKCNNNSFNGIGPCKNVSTVQCTHGIKPIVSTQLLLNGSLAEGDIIIRSENITNNIKTIIVHLNKSVYINCTRPGNNTRKSIRIGPGQAFYANTDIIGNIRLAHCNVSRELWNKTLEKVRTKLKGYFPDKNITFAPASGGDLEITTHSFNCRGEFFYCNTTDLFQNSTEDNSTDITLPCKIKQIIRMWQRVGQAMYAPPIEGNITCNSQITGILLTRDGGDNEESETFRPGGGDMRDNWRSELYKYKVVEVKPLGIAPTGAKRRVVDRDREKRAVGMGAVFLGFLGAAGSTMGAASITLTVQARQLLSGIVQQQSNLLKAIEAQQHLLQLTVWGIKQLQARVLAIERYLQDQQLLSLWGCSGKVICTTAVAWNSSWSNKSLTEIWNNMTWMEWDREVSNYTNTIYQLLEESQNQQERNEKDLLELDSWGNLWNWFDISNWLWYIKIFIMIVGGLIGLRIIFAVLSIVNRVRQGYSPLSFQTLTPHPRGPDRLGRIEEEGGEQDKDRSIRLVSGFLALFWDDLRNLCLFSYHRLRDLISIVARAVELLGRSSLRGLQKGWEALKYLGSLVQYWGLELKKSAVSLIDTLAIAVAEGTDRIIEYIQRICRAIYNIPRRIRQGFEAALL,C,0,10.45,0,400,2
130,CM244_EC1,MRVKETQMNWPNLWKWGTLILGLVIICSASDNLWVTVYYGVPVWRDADTTLFCASDAKAHETEVHNVWATHACVPTDPNPQEIDLENVTENFNMWKNNMVEQMQEDVISLWDQSLKPCVKLTPLCVTLHCTNANLTKANLTNVNNRTNVSNIIGNITDEVRNCSFNMTTELRDKKQKVHALFYKLDIVPIEDNNDNSKYRLINCNTSVIKQACPKISFDPIPIHYCTPAGYAILKCNDKNFNGTGPCKNVSSVQCTHGIKPVVSTQLLLNGSLAEEEIIIRSEDLTNNAKTIIVHLNKSVVINCTRPSNNTRTSITIGPGQVFYRTGDIIGDIRKAYCEINGTEWNKALKQVTEKLKEHFNNKPIIFQPPSGGDLEITMHHFNCRGEFFYCNTTRLFNNTCIANGTIEGCNGNITLPCKIKQIINMWQGAGQAMYAPPISGTINCVSNITGILLTRDGGATNNTNNETFRPGGGNIKDNWRNELYKYKVVQIEPLGAAPTRAKRRVVEREKRAVGIGAMIFGFLGAAGSTMGAASITLTVQARQLLSGIVQQQSNLLRAIEAQQHLLQLTVWGIKQLQARVLAVERYLKDQKFLGLWGCSGKIICTTAVPWNSTWSNKSLEEIWNNMTWIEWEREISNYTNQIYEILTKSQDQQDRNEKDLLELDKWASLWTWFDITNWLWYIKIFIMIVGGLIGLRIIFAVLSIVNRVRQGYSPLSFQTPCHHQREPDRPERIEEEGGEQGRDRSVRLVSGFLALAWDDLRSLCLFSYHRLRDFILIAARTVELLGRSSLKGLRRGWEGLKYLGNLLLYWGQELKISAISLLDATAIAVAGWTDRVIEVAQGAWKAILHIPRRIRQGLERALQ,01_AE,0,2.8,0,400,4
132,6545_V4_C1,MRVKGILRNCQQWWIWGILGFWMVMTYSVVGNLWVTVYYGVPVWKDAETTLFCASDAKAYEREVHNVWATHACVPTDPNPQEVIMENVTENFNMWKNNMVDQMHEDIISLWDQSLKPCVKLTPLCVTLDCRNVSDTRNGNVTYNNTMNEEIKNCSFNMTTELRDKKQKVSALFYRIDIVSLNSNSSDYRLINCNTSAITQACPKVSFEPIPIHYCAPAGYAILKCNNETFNGTGPCHNVSTVQCTHGIKPVVSTQLLLNGSLAKEQVMIRSEDITNSVKNIIVQFTEPVKINCTRPNNNTRKSVHIAPGQAFYATGDIIGNIRQAYCTVNRTAWSNTLQKVVTRLRTYFGNKTIIFKNSSGGDIEITTHSFNCAGEFFYCNTSSLFNSTWQVSGQGLNSTELGDTITLQCRIKQIINMWQRAGQAIYAPPIPGVIRCESNITGLILTSDYGNRSSDNETFRPTGGDMRDNWRSELYKYKVVKIEPIGVAPTKARRRVVQREKRAVGLGAVFIGFLGAAGSTMGAASVTLTVQARQLLAGIVQQQSNLLRAIEAQQHMLKLTVWGIKQLQARVLAVERYLRDQQLLGIWGCSGKLVCNTNVPWNSSWSNKSLSEIWENMTWLQWDKEINNYTQIIYTLIEESQTQQEKNEQELLALDKWANLWNWFDISNWLWYIRIFIMIVGGLIGLRIVFVVLAVINRVRQGYSPLSFQTHTPSPAGPDRPGRIEEEGGEQGRGKSIRLVSGFLALAWEDLRSLCLFSYHRLRDFILIAARVVEVLGRSSLRGLQRGWEALKYLGSLMQYWGLELKKNAISLLDIVAIAVAEGTDRIIEFIQGICRAIRNISRRIRQGFEAALQ,A1C,1,50.0,1,400,4
136,CH038_12,MRVTGIKKNYWHLWRWGTLLLGMLMICSAVKDRWVTVYYGVPVWREANTTLFCASDAKAYDTEVHNVWATHACVPTDPKPQEVFLKNVTENFNMWKNEMVNQMHEDVISLWEQSLKPCVKLTPLCVTLKCNDVNSTSNGTSNGTDHKNMNEMKNCSFNTTTELRDRKKSEYALFYRLDIVPLDENSNEYILINCNTSAITQACPKVTFDPIPIHYCAPAGYAILKCNDTKFNGTGPCHNVSTVQCTHGIKPVVSTQLLLNGSLAEEEIMIRSENLTDNAKIIIVHLNQSVEINCTRPGNNTRRSIRIGPGQTFYATGDIIGDIRKAHCNISRERWNETVQRVVKKLAEHFPNKTIKFESSSGGDLEITTHSFNCGGEFFYCNTSGLFNGTYMPNGTKINDTERNLSSTITIPCRIKQIINMWQGVGQAMYAPPIKGNIACKSNITGLLLTRDGGRSNETNDTETFRPEGGNMKDNWRSELYKYKVVEIKPLGVAPTEAKRRVVKREKRAALGAVFLGFLGLAGSTMGAASIALTAQARQLLSGIVQQQSNLLRAIEAQQHLLQLTVWGIKQLQTRVLAIERYLTDQQLLGMWGCSGKLICTTAVPWNTSWSNKSLEKIWKNMTWMQWDKEISNYTDTIYRLLEVSQNQQEENEKDLLALDNWKSLWNWFDITNWLWYIKIFIMIVGGLIGLRIIFAVLSIVNRVRQGYSPLSFQTLTPNPGGPDRLGRIEEEGGEQDKDRSIRLVSGFLALAWDDLRNLCLFSYHRLRDFILVATRVVELLGRNSLRVLQRGWEALKYLGSLVQYWGQELKKSAISLFDTIAIAVAEGTDRIIKLVQRLCRAIYNIPRRIRQGFEAALQ,07_BC,1,50.0,1,400,4
140,3873_V1_C24,MRVKGILRNWQQRWIWGILGFWMLMICRVLGEELWVTVYYGVPVWKEAKTTLFCASDAKAYEKEVHNVWATHACVPTDPSPQEIVLNVTENFNMWKNDMVDQMHEDVISLWDQSLKPCVKLTPLCVTLNCSDIAKNNSSNGTNNNNITSDMKEEMKNCSFNATTEIRDKKKEMYALFYKLDIVSLVANTSEYRLKNCNTSTITQACPKVSFDPIPIHYCAPAGFAILKCNDKTFNGTGPCHNVSTVQCTHGIKPVVSTQLLLNGSLAEKEIIIRSANLSDNAKTIIVHLNESVEIVCTRPSNNTRKSIRIGPGQMFFATNEIIGDIRQAHCNISGANWSKTLDRVSEKLRKHFPNKTIIFNSSSGGDPEITTHSFNCGGEFFYCNTSKLFNNTYNGTESNSTITLPCRIKQIINMWQGVGRAMYAPPIAGNITCKSMITGLLLVRDGGTGKNDTENATETFRPEGGDMRDNWRSELYKYKVVEIKPLGIAPTEAKRRVVEREKRAVGIGAVFLGFLGAAGSTMGAASITLTVQARQLLSGIVQQQNNLLRAIEAQQHMLQLTVWGIKQLQARVLAIERYLKDQQLLGLWGCSGKLICTTSVPWNSSWSNKSYTEIWDNMTWIQWDREINNYTNIIYGLLEVSQTQQEINEKELLALDKWKNLWNWFDITNWLWYIKIFIIIVGGLIGLRIVFAVLSIVNRVRQGYSPLSFQTLTPNPRGPDRPGGIEEEGGEQDRDRSIRLVNGFLALAWDDLRSLCLFSYHQLRDFILIVARVVELLGHRSWEALKYLGNLAQYWGLELKKSAISLLDTIAIAVAEGTDRIIELVQRICRAILNIPTRIRQGFEIALL,C,0,34.8,0,400,2
154,0815_V3_C3,MRVMGIQMNWQQWWIWGILGFWMLMVCNGTGKWVTVYYGVPVWKEATTTLFCASDAKSYETEAHNVWATHACVPTDPNPQEIPLVNVTENFNMWKNNMVEQMQTDIISLWDQSLQPCVKLTPLCVTLNCSDIDNNRNNSTVTNSTVTNSTADMKNCSFRVPTAIRDRKQKVYSLFYRLDIVQIDKKKNDSNNSNITQYRLINCNTSAITQACPKISFEPIPIHYCAPAGFAILKCRDKEFNGTGPCKNVSTVQCTHGIRPVVSTQLLLNGSLAEGKIMIRSENITNNGKNIIVQFNETVKINCTRLNNNTRKSISIGPGQAFYATGDIIGDIRQAHCNVSRAEWNETLRKVAEELRTYFKNKTIHFNKSAGGDLEVTTHSFNCGGEFFYCNTSKLFDSSWPKTNSTVQESNSTDNITLQCRIKQIINMWQRVGQAMYAPPIAGVIRCESNITGLILTRDGGSNTNASETFRPGGGDMRDNWRSELYKYKVVKIEPLGVAPTRAKRRVVEREKRAVGIGAVFIGFLGAAGSTMGAASITLTVQTRQLLAGIVQQQSNLLRAIEAQQHLLKLTVWGIKQLQARVLAVERYLKDQQLLGIWGCSGKLICTTTVPWNDSWSNKSLDEIWNNMTWLQWDKEINNYTQIIYGLIDKAQNQQEKNEQELLALDKWASLWNWFDISRWLWYIKIFIMIVGGLIGLRIIFAVLSIVNRVRQGYSPLSFQTLFPVPRGPDRPEGIEEEGGEQGRDRSIRLVNGFSALIWDDLRNQCLFSYHRLRDLILIVTRIVELLGRRGWEAVKYLGSLLQYWIQELKNSAVSLFDTIAIAVAEGTDRVIEIVQRAVLNIPRRQI,A1D,0,0.0459501665750885,0,400,4
156,GX73_29,MRVKETQMNWPNLWKWGILILGLVIICSASDNLWVTVYYGVPVWRDADTTLFCASDAKAHETEAHNVWATHACVPTDPNPQEIYLENVTENFNMWKNNMVEQMHEDVISLWDQSLKPCVKLTPLCVTLDCTNATLNATSFNTTEGLGNMTDEVKNCTFNMTMEIQDKTQKVHALFYKLDVVQMDSNREYRLIHCNTSVIKQACPKISFDPIPIHYCTPAGYVILKCNDKKFNGTGPCKNVSSVQCTHGIKPVVSTQLLLNGSLAEKEIIIRSENLTNNAKTIIVHLNRSVEINCTRPFKTEIRITRGPGRVFYRTGNIVGDPRKAYCEINGTTWNEVLVQVTAKLKRHFIDKNITFQPHSGGDLEISTHHFNCRGEFFYCNTTQLFNNTCIKNPSTEGCNNTIRLPCKIKQIINMWQGVGQAMYAPPISGEINCVSNITGILLTRDGGTNNNETETFRPEGGNIKDNWRSELYKYKVVEIEPLGIAPTKAKRRVVEREKRAVGIGALIFGFLGAAGSTMGAASITLTVQARQLLSGIVQQQSNLLRAIEAQQHMLQLTVWGIKQLQARVLAVERYLKDQKFLGLWGCSGKTICTTAVPWNSSWSNKSYNEIWNNMTWIEWEREISNYTGQIYQILTESQNQQDRNEKDLLELDKWASLWNWFDITKWLWYIKIFIIIVGSLIGLRIIFAVLSIVNRVRQGYSPLSFQIPTHQQREPDRPEEIEEGGGEQGRDRSVRLVSGFFALAWDDLRSLCLFCYHRLRDFILIATRTVELLGHSSLKGLRRGWEGLKYLGNLLLYWGQELKISAISLLDATAIAVAGWTDRVIEAAQRAWRAILHIPRRIRQGLERALL,01_AE,0,0.31,0,400,4
167,Q259_W6,MRVKGIQMNSQNSLRWGIMILGMIIICSAAENLWVTVYYGVPVWKDAETTLFCASDAKTYDTEVHNIWATHACVPTDPNPQEINLGNVTEEFNMWKNNMVEQMHTDIISLWDQGLKPCVKLTPLCVTLDCYDVTNFTNDMQEGIKNCSFNITTELRDKKQKVHSLFYRLDVVQIGDNSSSGQYRLINCNTSAITQACPKVTFEPIPIHYCAPAGFAILKCNDKEFSGTGPCKNVSSVQCTHGIKPVVSTQLLLNGSLAEEKVRIRSENITDNGKNIIVQLKTPVNISCTRPNNNTRKSIRIGPGQAFYATDDIIGNIRQAYCTVNRTQWDDTLQEVANQLRIYFNKTIIFNNSAGGDLEITTHSFNCGGEFFYCNTSGLFNRAYGNVSKQEPNSSGNITLQCRIKQVINMWQRAGQAIYAPPIQGVIRCDSNITGLILTRDGGKDSNITETFRPGGGDMRDNWRSELYKYKVVKIEPLGVAPTRAKRRVVEREKRAVGIGAVFIGFLGAAGSTMGAASITLTAQARKLLSGIVQQQSNLLRAIEAQQHLLKLTVWGIKQLQARVLAVERYLEDQQLLGIWGCSGKLICTTNVPWNSSWSNKSQSEIWENMTWLQWDKEINNYTQLIYSLIEKSQTQQEINEQELLALDKWANLWNWFDISNWLWYIRIFIIIVGGLIGLRIVFAVLSVINRVRQGYSPLSFQTHTPSPRELDRPGRIEEEGGEPDRGRSIRLVSGFLALAWDDLRSLCLFSYHRLRDFISIAARTVELLGHSSLKGLRLGWEGLRYLGNLLVYWGRELRLSAINLLDTIAIATANWTDRVIELGQRLCRAILHIPRRIRQGFERALL,A1,0,5.1,0,400,4
181,ZM246F,MRVMGILRNCQQWWIWSILGFLMIYSVIGNLWVTVYYGVPVWKEAKTTLFCASDAKAYDPEVHNVWATHACVPTDPNPQEMFLENVTENFNMWKNDMVEQMHQDIISLWSQSLKPCVKLTPLCVTLNCSDVINSTGTMKNCSFSVTTELRDRKQKKHALFYRLDIVPLDENDNSSKDYRLINCNTSTITQACPKVTFDPIPIHYCAPAGYAILKCNNKTFNGTGPCNNVSTVQCTHGIKPVVSTQLLLNGSLAEEEVIIRSENLTDNVKTIIVQLKEPVGINCTRPNNNIRQSIRIGPGQTFFATGDIIGDIREAHCNISSTKWRETLQQVGGKLAKYFNNKTIKFTQHSGGDLEITTHSFNCRGEFFYCNTSQLFNSTYNETGSINGTGNSTIKLPCRIKQIINMWQGVGQAMYAPPIAGNIICRSKITGLLLTRDGGINKSEEIFRPGGGNMKDNWRSELYKYKVVEIKPLGVAPTKAKRRVVEREKRAVVGLGAVFLGFLGAAGSTMGAASITLTVQARQLLSGIVQQQNNLLRAIEAQQHMLQLTVWGIKQLQARVLAIERYLKDQQLLGIWGCSGKLICTTAVPWNSSWSNKSQEDIWDNMTWMQWDREISNYTNTIYRLLEDSQTQQEKNEKDLLALDKWQNLWSWFDITNWLWYIKIFVMIVGGLIVLRIIFAVFSIVNRVRQGYSPLSFQTLTPAQRGPDRLGRIEEEGGEQDRVRSVRLVSGFLALAWDDLRSLCLFCYRQLRDLLLIATRAAELLGRSSLRGLQRGWETLKYLGNLVQYWVLELKRSATSLLDTIAIAVAEGTDRIIELIQGIGRAIYNIPRRIRQGFEAALQ,C,0,0.1024695076595959,0,400,2
182,1056_10_TA11_1826,MEIRKNYQHLWRWGIMLLWLLMSCSAEEEAWVTVYYGVPVWKEAVTTLFCASDAKAYDTEVHNVWTTHACVPTDPDPQEVHMENVTEDFNMWKNNMADQMHEDIISLWDQSLKPCVKLTPLCVTLNCADWKNNTDTNTNSSVRIMEKGEIKNCSFNITTNIRDKYQKAYALFYKLDVVPIDDDNATGNNDTRNYRLISCNTSVITQACPKVSFEPIPIHYCAPAGFAILRCNNKTFSGKGQCTNVSTVQCTHGIKPVVSTQLLLNGSLAEEEVIIRSDNFSDNAKTIIVHLNSSVDINCTRPGNNTRKSITIGPGRAFYATGDIIGDIRQAHCNISGEKWNNTLKQVVKKLREQFGNKTIVFNQSSGGDPEITMHTFNCGGEFFYCNTAQLFNSTWEANSTWENDNERVGHSNKTIILQCRIKQIINMWQEVGKAMYAPPISGQIRCSSNITGLLLTRDGGNGNETNRTEVFRPGGGNMKDNWRSELYKYKVVKIEPLGVAPTRAKRRVVQREKRAVGMGALFIGFLSAAGSTMGAASMTLTVQARQLLSGIVQQQSNLLRAIEAQQHLLQLTVWGIKQLQARVLAVERYLKDQQLLGIWGCSGKLICTTTVPWNYSWSPNKTMDDIWGNMTWMQWEREIDNYTGIIYRLIEISQNQQEKNEQELLELDKWASLWNWFDITKWLWYIKIFIMIIGGLVGLRIVFTVLSIVNRVRQGYSPLSFQTRFPAPGGPDRPEGTEEEGGERDRDRSSRSADGFLAIIWVDLRSLCLFIYHSLRDLLLIVARIVGLLGRRGWELLKYWWNLLQYWSQELKNSAVSLLNATAIAVAEGTDRVIDIVQRICRAILHIPRRIRQGFERALL,B,0,0.8966604708583957,0,400,0
183,0921_V2_C14,MRVRGILRNYPQWWIWGILGFWMICNVVGNLWVTVYYGVPVWKEAKTTLFCASDAKAYETEVHNIWATHACVPTDPNPQEMELPNVTENFNMWKNDMVDQMHEDIISLWDQSLKPCVKLTPLCVTLNCTITNSSSIMTNCTFNTTTELKDKKRKASASFYRLDIVPLNGDSNGSSSGSYRLINCNTSTLTQACPKVSFDPIPIHYCAPAGYAILKCNDETFNGTGPCHNVSTVQCTHGIKPVVSTQLLLNGSLSEGEIIIRSENLTDNVKTIIVHLNKSIEINCIRTGNNTRRSIRIGPGQTFYATGDIIGDIRKAYCNISKHIWNKTLEEVATKLGAHFINKTIKFAPPSGGDLEITTHSFNCRGEFFYCNTTQLFNNISIGRFNTSIENDTNIILPCRIKQIINMWQEVGRAMYAPPIEGNITCRSNITGILLTRDGGNGGADNSTETFRPGGGNMKDNWRSELYKYKVVEIKPLGIAPTRAKRRVVEREKRAVGIGAVFLGFLGAAGSTMGAASITLTVQARQLLSGIAQQQSNLLRAIEAQQHMLQLTVWGIKQLQARVLAIERYLQDQQLLGIWGCSGKLICTTTVPWNSTWSNKSLDNIWDNMTWMQWDKEISNYTKTIYTLLENASIQQEQNEKDLLELDKWNTLWNWFNISNWLWYIRIFIMIVGGLIGLRIIFAILSIVNRVRQGYLPLSFQTLTPNQRGPDRLERIEEEGGGQGRNRSIRLVNGFLTLAWDDLRSLCLFSYHRLRDFILIAARAAELLGHSSLRGLQRGWEALKYLGSLVQYWGLELRKSAISLLDVTAIAVAEGTDRIIEIIQRICRAIRNVPNRIRQGFEAALL,C,1,50.0,1,400,3
195,288_38,MRVRGIQRNCQQWWIWGLLGFWMFMICNVVGNLWVTVYYGVPVWKEASPTLFCASDAKAYDTEVHNVWATYACVPTDPNPQELVMENVTENFNMWKNDMVEQMHQDIISLWDEGLKPCVKLTPLCVTLHCSSNVTSNSNVTSNSTDASKVNKDIIGQMKNCSFNITTEVRDKNKKAYALFYRLDIVPLTADNSSGEYRLINCNTSTITQACPKVSFDPIPLHYCAPAGYAILKCNDKTFNGTGPCKNVSTVQCTHGIKPVVSTQLLLNGSIAEDKTIIRSENLTNNAKIIIVQLNEPVEINCTRPNNNTRQSIRIGPGQTFYATGEIIGDIRQAHCNISGDRWNKTLESVKERLQKQFPNKTILFAPSSGGDLEITTHSFNCRGEFFYCNTSKLFNTTGLSDNATLTIPCRIKQIINMWQEVGRAMYAPPIKGIITCRSNITGLLLTRDGGTNNTNNTETFRPGGGDMRDNWRSELYKYKVVEIKPLGVAPTGAKRAVVGREKRAALGALFLGFLGAAGSTMGAASITLTVQARQLLSGIVQQQSNLLRAIEAQQHMLQLTVWGIKQLRTRVLAIERYLQDQQLLGIWGCSGKLICPTTVPWNSSWSNKSQEEIWENMTWMQWDREISNYTGTIYRLLEVSQNQQEKNEQDLLALDKWKDLWSWFSITQWLWYIKIFIMIVGGLIGLRIIFAVLSLVNRVRQGYSPLSFQTLTPNPREPDRLRGIEEEGGEQDRDRSIRLVNGFLAIAWDDIRSLCLFSYHRLRDLILIAARAVELLGRSSLKGLQRGWEILKYLGSIVQYWGLELKKSAISLLNTTAIVVAEGTDRIIELVQRFWRAICNAPRRIRQGFEAALL,C,0,0.071,0,400,2
201,ZM215_8,MRVMGILRNCQQWWIWGILGFWMICNVVGNLWVTVYYGVPVWKEAKATLFCASDAKAQETEVHNIWATHACVPTDPNPQEMILENVTENFNMWKNDMVDQMHEDVISLWDQSLKPCIKLTPLCVTLNCTNATYNGSTIEDVRNCSFNATTEVKNKKQEVNALFNLLDIVPIKSSIYRLTNCNTSAITQACPKVTFDPIPIHYCAPAGYAILKCNNKTFNGKGPCNNVSTVQCTHGIKPVVSTQLLLNGSLAEEDIIIRSENLTNNVKTIIVHLKEPVEIVCTRPGNNTRKSVRIGPGQTFYATGAIIGDIRKAHCNISKKAWNDTLHKVEGKLRELYNKSIKFEPSSGGDLEITTHSFNCRGEFFYCNTTKLFHEGSRKNDNDTITLPCRIKQFINMWQEVGRAMYAPPIAGNITCNSSITGILLVRDGGTNNTNETFRPGGGDMRDNWRSELYKYKVVEIQPLGIAPTKAKRRVVEREKRAVGLGAVFLGFLGAAGSTMGAASITLTAQARQLLSGIVQQQSNLLRAIEAQQHMLQLTVWGIKQLQARVLAIERYLQDQQLLGIWGCSGKLICTTAVPWNSSWSNRSQADIWENMTWMQWEKEISNYTNTIYWLLEDSQIQQEKNEKDLLALDSWKNLWNWFNMTNWLWYIKIFIMIVGGLIGLRIIFAVLSIVNRVRQGYSPLSFQTLIPNPRGPDRLERIEEEGGEQDKDRSIRLVNGFLALAWDDLRSLCIFSYHRLRDFMLVTARAVELLGRSSLRGLQRGWTALKYLGSLVQYWGQELKKSAISLLDTVAIAVAEGTDRIIELVQRICRGILHIPTRIRQGLEAALQ,C,0,0.124,0,400,2
207,231966_C2,MRVMETERNYRHLWRWGIMLLGMLMTCRVTGELWVTVYYGVPVWKEATTTLFCASDAKSYKAEAHNIWATHACVPTDPNPREIVLENVTENFNMWKNNMVEQMHEDIISLWDQGLKPCVKLTPFCVTLNCTEWKNATTGNATTGNATAENATIGDIGLKNCSFNITTEVRDKKKQVYALFYKLDIVQMDNDKASTSYRLINCNTSAITQACPKVTFEPIPIHYCAPAGFAILKCNDKKFNGTGPCKNVSTVQCTHGIRPVVSTQLLLNGSLAEEEIIVRSENLTNNAKIIIVQLNKPVTIHCTRPYNNTRQSVHIGPGRAYYTTNIIGDIRQAYCNISETEWNTTLQQVANKLGNLLKLNTIIFRPSSGGDPEITTHSFNCGGEFFYCNTTRLFNSTWNTTTSNSTEQNDTRILFPCRIKQIINMWQGVGKAMYAPPIEGLIRCTSNITGLLLARDGGASNNSQTETFRPGGGDMRDNWRSELYKYKVVRIEPLGLAPTRAKRRVVEREKRAIGLGAMFLGFLGAAGSTMGAASLTLTVQARQLLSGIVQQQNNLLRAIEAQQHLLQLTVWGIKQLQARVLAVESYLRDQQLLGIWGCSGKHICTTAVPWNSSWSNKSLEEIWNNMTWMEWEKEIDNYTGLIYSLIEESQNQQEKNEQDLLQLDKWASLWNWFSITNWLWYIRIFIMIVGGLIGLRIVFAVLSLVKRVRQGYSPLSFQTLIPASRGPDRPEGIEEEGGEQGRGRSIRLVSGFSALIWDDLRNLCLFSYHRLRDLLLIATRIVELLGRRGWEAIKYLWNLLQHWIQELKNSAISLLDTAAIVVAEGTDRVIEIVRRAVRAVLHIPTRIRQGLERALL,D,0,0.1,0,400,4
208,1209_BM_B21,MIVMGIQRNCQRWWIWGVLGFWMLMICNGNLWVTVYYGVPVWREAKTTLFCASDAKAYDKEVHNVWATHACVPTDPNPQEMILENVTENFNMWKNDMVDQMHEDIISLWDQSLKPCVKLTPLCVTLNCTDANITVSTNITGSTNISEAMKGEMKDCSFNITTEVQDKKRKENALFYRLDIVPLDNPSSDNPSYGEYRLIHCNTSTITQACPKVNFDPIPIYYCAPAGYAILKCNNKTFNGTGPCNNVSTVQCTHGIKPVVSTQLLLNGSLAEEEIVIRSENLTNNAKTIIVHLKESVEINCIRPGNNTRKSVRIGPGQTFYATGEVIGDIRQAHCNISREKWNATLQKVGEKLYRHFPNKTTIKFEPSSGGDLEITTHSFNCRGEFFYCNTSALFNSTWKCNNTSGSCVPNNTDDPSDITLQCRIKQIINMWQGVGRAMYASPIAGSITCRSNITGLLLTWDGGNSSDTEIFRPGGGNMKDNWRSELYKYKVVEIKPLGIAPTGAKRRVVERGKRAVTLGAVFLGFLGAAGSTMGAASITLTVQARQLLSGIVQQQSNLLRAIEAQQHLLQLTVWGIKQLQARVLAIERYLQDQQLLGIWGCSGKLICTTSVRWNSSWSNKTYNEIWNNMTWMQWDKEINNYTGLIYSLLEESQKQQENNEKDLLALDSWQNLWNWFDISQWLWYIKIFIMIVGGLIGLRIIFAVLSIVNRVRQGYSPLSFQTLIPNPRGPDRLERIEEEGGEQDKGRSIRLVNGFLALIWDDLRSLCLFSYHRLRDFILIAVRAVELLGHSSLRGLQRGWEILKYLGSLVQYWGLELKKSAISLLDTIAITVAEGTDRIIEAAQRIGRAIYNIPRRIRQGFEAALQ,C,1,25.0,1,400,3
215,QH209_14M_A2,MRVMETQRNYQHLLSWGIMILGMLIICSATNLWVTVYYGVPVWKDAETTLFCASDAKAYDKEVHNVWATHACVPTDPNPQEVHLENVTEEFNMWKNYMVEQMHTDIISLWDQSLQPCVKLTPLCVTLNCSHNINHNETTFSNDTNLPNITEEMRNCSFNMTTEVRDRQKQVYSLFYRLDIVQINEDQKEGSKGRYRLINCNTSAITQACPKVSFEPIPIHFCAPAGFAILKCKDKEFNGTGPCKNVSTVQCTHGIRPVVSTQLLLNGSLAEGKVMIRSENFTNNAKNIIVQFNESVEIECLRPNNNTRESIHLGPGRAFYARGGIIGDIRQAHCIVNKTNWNKALKEVAKQLRTIFNKTIKFTNSSGGDIEITTHSFNCRGEFFYCNTTGLFNLTWNGTDSTNRNESGNITLPCRIKQIINMWQRVGRAIYAPPIPGVVKCKSNITGLILTRDGGDDENNTETFRPGGGNMRDNWRSELYKYKVVKIEPLGVAPTKARRRTVEREKRAVGIGAVFLGFLGAAGSTMGAASITLTVQARQLLAGIVQQQSNLLRAIEAQQQMLRLTVWGIKQLQARVLAVERYLKDQQLLGLWGCSGRIICTTNVPWNSSWSNKSYDEIWDSMTWLQWDREISNYSDIIYNLIEESQIQQEKNEQDLLALDNWASLWNWFNITKWLWYIKIFIMIVGGLIGLRIVFTVISMINRVRQGYSPLSFQTHNPNPGGPDRPGRIEEEGGEQDRDRSIRLVNGFLALAWDDLRNLCLFSYHRLRDFILIAARTVELVGHSSLKGLRLGWEGLKYLWNLLVYWGRELKISAISLFDTLAIVVAGWTDRIIELGQRFCRAILNVPTRIRQGAERALL,A1,0,0.018840509201876,0,400,4
217,DU151_02,MRVREILRNYQQWWIWGTLGFWMLMICNVVGNLWVTVYYGVPVWKEAKTTLFCASDAKAYDKEVHNVWATHACVPTDPNPQEIVLENVTENFNMWKNDMVDQMHEDIISLWDQSLKPCVKLTPLCVTLNCTNAPAYNNSMHGEMKNCSFNTTTEIRDRKQKAYALFYKPDVVPLNRREENNGTGEYILINCNSSTITQACPKVTFDPIPIHYCAPAGYAILKCNNKTFNGTGPCNNVSTVQCTHGINPVVSTQLLLNGSLAEEEIIIRSENLTNNIKTIIVHLNKSVEIVCTRPNNNTRRSIRIGPGQTFYATGEIIGNIREAHCNISKSSWTSTLEQVKKKLKEHYNKTIEFNPPSGGDLEVTTHSFNCRGEFFYCNTTKLFSNNSDSNNETITLPCKIKQIINMWQKVGRAMYAPPIEGNITCKSNITGLLLTRDGGKNTTNEIFRPGGGNMKDNWRSELYKYKVVEIEPLGVAPTKSKRRVVEREKRAVGLGAVLLGFLGAAGSTMGAASITLTVQARQLLSGIVQQQSNLLRAIEAQQHMLQLTVWGIKQLQTRVLAIERYLKDQQLLGLWGCSGKIICTTAVPWNSSWSNKSQEDIWDNMTWMQWDREISNYTGTIYRLLEDSQNQQEKNEKDLLALDSWKNLWNWFNITNWLWYIKIFIMIVGGLIGLRIIFGVLAIVKRVRQGYSPLSFQTLTPSPRGPDRLGRIEEEGGEQDKNRSIRLVSGFLALAWDDLRSLCLFSYHRLRDLILVVTRAVELLGRSSLRGLQRGWEALKYLGNLVQYGGLELKRSAIKLFDTIAIAVAEGTDRILEVIQRICRAIRHIPIRIRQGFEAALL,C,0,0.038,0,400,2
222,CNE21,MKVTGIRKNYRHLWRWGIMLLGMLMICRAVENLWVTAYYGVPVWKEATTTLFCASDAKAYDTEVHNVWATHACVPTDPNPQEVFLKNVTENFNMWKNGMVDQMHEDVISLWDQSLKPCVKLTPLCVTLECKNVSSNSNGTNNKTYHDSKEEMKNCSFNATTELRDKKQTVYALFYKLDIVPLKKNSSKNSSEYYRLINCNTSAITQACPKATFDPIPIHYCTPAGYAILKCNDKRFNGTGPCNNVSTVQCTHGIKPVVSTQLLLNGSLAEGEIIIRSENLTNNVKTIIVHLNQSVEIVCTRPGNNTRKSIRIGPGQTFYATGDIIGDIRQAHCNISETEWNNTLQRVSKKLAEHFPNKTIQFESSSGGDLEITTHSFNCRGEFFYCNTSGLFNGTYMYHNNTQSNSSKIITIPCRIKQIINMWQEVGRAMYAPPIEGNITCNSSITGLLLERDGGMTNETNKTETFRPGGGDMRNNWRSELYKYKVVEIKPLGVAPTAAKRRVVEREKRAVGIGAVFFGFLGVAGSTMGAASMTLTVQARQLLSGIVQQQSNLLRAIEAQQHLLQLTVWGIKQLQTRVLAIERYLKEQQLLGIWGCSGKLICTTTVPWNSSWSNKSQEEIWNNMTWMQWEKEIGNYTNTIYELLEESQNQQERNEKDLLALDSWKNLWNWFDITNWLWYIKIFIMIIGGLIGLRIIFAVLSIVNRVRQGYSPLSFQTLTPNPGGLDRLGRIEEEGGEQGNNRSIRLVNGFLALAWDDLRNLCLFSYHRLRDFISVTARAVELLGSSILRELQRGWEALKYLGSLVQYWGQELKKRTINLIDIIAIAVAEGTDRVIEIVQGFCRAICHIPRRIRQGFEAALQ,07_BC,0,3.56,0,400,4
229,GX25_29,MRVKETQMNWPNLWNWGTLILGLVIICSAADNLWVTVYYGVPVWKDADTTLFCASDAKAHETEVHNIWATHACVPTDPNPQEIPMENVTENFNMWKNNMVEQMQEDVISLWDQSLKPCVKLTPLCVTLNCTNAILNSTSTNATLTKVDNSTSVNITDTDEVKNCSFNMTTEIRDKKQRVHALFYRLDLVPMDMDKNGSDYRLINCNTSVIKQACPKISFDPIPIHYCTPAGYALLKCNDKNFNGTGPCKNVSSVQCTHGIKPVVSTQLLLNGSLAEEEIIIRSENLTNNAKTIIVHLNESVVINCTRPSNNTRKSITIGPGQVLFYRPGDIIGNIRQAYCEINGTNWFKTLKQVAEKLKGYFNKTISFQPHSGGDLEITMHHFNCRGEFFYCNTSKLFNVTYQGNETGGNTSSTITLPCKIKQIINMWQGVGQAMYAPPISGIINCVSNITGILLTRDGGNNNATNETFRPGGGNIKDNWRNELYKYKVVQIEPLGIAPTRAKRRVVEREKRAVGIGAMIFGFLGAAGSTMGAASITLTVQARQLLSGIVQQQSNLLRAIEAQQHLLQLTVWGIKQLQARVLAVERYLKDQKFLGLWGCSGKIICTTAVPWNSTWSNKSYEEIWNNMTWIEWEREISNYTHKIYEILTESQGQQDRNEQELLELDKWTSLWNWFDITNWLWYIKIFIIIVGGLIGLRIIFAVLSIVNRVRQGYSPLSLQIPTHQQRDPDRPERIEEEGGEQGRNRSVRLVNGFLAFAWDDLRSLCLFSYHLLRDFSLIAARTVELLGRRGWEVLKYLGNLLLYWGQELKISAISLLNATAIAVAGWTDRVIEVAQRAWRAILHIPRRIRQGLERSLL,01_AE,0,0.0899999999999999,0,400,4
232,BJOX020000_03_3,MRVMGIRKNCQHWLTWGTMLLGMLIICSAEDLWVTVYYGVPVWKDAKTTLFCASDAKAYSTEAHNVWATHACVPTDPNPQEVVLGNVTENFNMWKNNMVEQMHEDVISLWDESLKPCTKLTPLCVTLNCTDLKSNTTSNSTNNANHTNNTNATQSSWENMKGEIKNCSFYVTTQIRDKVRKEQALFNSLDVVPIDNNNSTYMLISCNTSVITQACPKISFEPIPIHYCTPAGFAIIKCNDKTFNGTGPCTNVSTVQCTHGIRPVVSTQLLLNGSLAEEDIVVRSENFSDNAKTIIVQLNKTITIECIRPNNNTRKSIHIAPGRAFYATGEIVGDIRQAYCKVSAGNWSETLKQVAIKLRDQFEPKNKTIEFEPSSGGDPEIVRLTLNCGGEFFYCDTTKLFNYTLLDNNTLLNSTGQESKSANGSNITLPCRIKQIINRWQAVGRAMYAPPIRGQIKCSSTITGLLLTRDGGTNVTKNGSEIFRPGGGDMRDNWRSELYKYKVVKIEPLGIAPSKAKRRVVQREKRAVTIGAMFLGFLGAAGSTMGAAAMTLTVQARLLLSGIVQQQNNLLRAIEAQQHMLQLTVWGIKQLQARVLAVERYLRDQQLLGIWGCSGKLICTTAVPWNTSWSNKSLNEIWENMTWMQWEREIDNYTDLIYTLLETSQNQQEKNEQELLELDKWANLWNWFDISNWLWYIRIFIMIVGGLIGLRIVFTVFSIVNRVRQGYSPLSFQTRLPAQRGPDRPEETEEGGGERDRGRSTRLVHGFLALIWDDLRSLCLFSYHRLSDLLSIVARIVELLGRRGWEVLKYWWNLLQYWSQELKKSAVSLLNATAIAVGEGTDRIIAVVQAIGRAILHIPRRIRQGAERALL,B,1,50.0,1,400,1
234,5807_BM_D1,MKAMGTQKSCQQWWIWGVLGFWMLIMCSGEGLWVTVYYGVPVWKEAKTTLFCASNAKAYDREVHNVWATHACVPTDPNPQEMFLKNVTENFNMWKNDMVDQMHEDIISLWDESLKPCVKMTPLCVTLNCTMYNTTNNANKTTLSNDTYECSFNITTEVRDKKKREKALFYRLDIVPLNETNNRPLNDSRTNNSTYSTYRLINCNTSVITQACPKVSFEPIPIHFCAPAGYAILKCNNKAFNGTGPCSNVSTVQCTHGIKPVVSTQLLLNGSLAEEDIVIRSENLTNNAKTIIVHLKESVEINCTRPSNNTRKSMRIGPGQTFYATKDIIGDIRQAHCNISAEKWNKTLQKVGAKLSKLFNNKTITFKPHSGGDLEITTHMFNCGGEFFYCNTSKLFNSTYMPNSTSDSTHMPNGTITLQCRIKQIINMWQEVGRAMYAPPIEGNIICKSNITGILLTRDGGKNETTETFRPGGGDMRDNWRSELYKYKVVEVKPLGIAPTTAKRRVVEREKRAVGIGAVFLGFLGAAGSTMGAASITLTVQARQLLSGIVQQQSNLLRAIEAQQHMLQLTVWGIKQLQARVLAIERYLRDQQLLGMWGCSGKLICTTAVSWNSSWSNKTQGDIWDNMTWMQWEREISNYTDTIYRLLEDSQSQQEKNEKDLLALDSWNNLWNWFSITKWLWYIKIFIMIVGGLIGIRIIFTVLSIVNRVRQGYSPLSFQTLTPTPRGPPDRLGRIEEEGGEQDRNRSIRLVSGFLSLAWDDLRSLCLFSYHRLRDFILIAARAVELLGRSSLRGLQRGWEVLKYLGGLAQYWGLELKKGAISLLDTVAIAVAEGTDRIIELVLRICRAICNIPRRIRQGFEAALQ,C,0,0.37,0,400,2
241,6041_V3_C23,MRVMGTQRNCQHLLRWGIMILGVIIICSTADNLWVTVYYGVPVWKDAETTLFCASDAKAQETEKHNVWATHACVPTDPDPQEILLENVTERFNMWKNSMVDQMHADIISLWDQSLKPCVKLTPLCVTLNCHNVNATNATITNNASITNDMEGEIKNCSFNVTTAQRDKRQQVYSLFYRLDIVQMNKDNSSNNRNNTEYRLINCNTSAITQACPKVSFEPIPIHYCAPAGFAILKCRDEMFSGTGLCKNVSTVQCTHGIKPVVSTQLLLNGSLAEKETMVRSENITNNAKTIIVQFAEPVIINCIRPNNNTRKSVAIGPGQAFYATGDIIGNIRQAHCDINRTQWNDNLRKVAKKLGEEYFKYKNITFTNSSGGDLEITTHSFNCGGEFFYCNTTGLFNSTWNANNWNTTSTGSNDTITLPCRIKQIINMWQRVGQAMYAPPIKGVIRCESNITGLMLTRDGGNDSNETFRPGGGDMRDNWRSELYKYKVVKIEPLGVAPTRAKRRVVEREKRAVGIGAVFLGFLGAAGSTMGAASITLTVQARQLLSGIVQQQNNLLRAIEAQQQLLRLTVWGIKQLQARVLAVERYLKDQQLLGIWGCSGKLICTTTVPWNSSWSNKSYTEIWDNMTWMQWDKEISNYTQIIYNLIEESQNQQEKNEQDLLALDKWTTLWNWFDISNWLWYIRIFIMIVGGLIGLRIIFAVLSIVNRVRQGYSPLSFQTLTPNPRGPDRPGRIEEEGGEQDRDRSTRLVSGFLALVWDDLRSLCLFSYHRLRDLILIAARTVELLGRSSLRGLQRGWEILKYLGSLVQYWGIELKKSAISLLDTLAIAVAEGTDRILEFTQRICRAIYNIPRRIRQGFEAALQ,A1C,0,0.0229999999999999,0,400,4
242,6545_V3_C13,MKVKGILRSCQQWWIWGILGFWMVMTYSVVGNLWVTVYYGVPVWKDAETTLFCASDAKAYEREVHNVWATHACVPTDPNPQEVIMENVTENFNMWKNNMVDQMHEDIISLWDQSLKPCVKLTPLCVTLDCKNVSDTRNGNVTYNNTMNEEIKNCSFNMTTELRDKKQKVSALFYRIDIVSLNSNSSDYRLINCNTSAITQACPKVSFEPIPIHYCAPAGYAILKCNNETFNGTGPCHNVSTVQCTHGIKPVVSTQLLLNGSLAKNQVMIRSEHIENNAKNIIVQFTEPVKINCTRPNNNTRKSVHIAPGQAFYATGDIIGNIRQAYCTVNRTAWNNTLQKVVTRLRTYFGNKTIIFKNSSGGDIEITTHSFNCAGEFFYCNTSSLFNSTWQVSGQGLNSTELGDTITLQCRIKQIINMWQRAGQAIYAPPIPGVIRCESNITGLILTSDYGNSSSDNETFRPTGGDMRDNWRSELYKYKVVKIEPIGVAPTKARRRVVQREKRAVGLGAVFIGFLGAAGSTMGAASVTLTVQARQLLSGIVQQQSNLLRAIEAQQHMLKLTVWGIKQLQARVLAVERYLRDQQLLGIWGCSGKLVCNTNVPWSSSWSNKSLSEIWENMTWLQWDKEINNYTQIIYTLIEESQTQQEKNEQELLALDKWANLWNWFDISNWLWYIRIFIMIVGGLIGLRIVFVVLAVINRVRQGYSPLSFQTHTPSPAGPDRPGRIEEEGGEQGRGKSIRLVSGFLALAWEDLRSLCLFSYHRLRDFILIAARVVEVLGRSSLRGLQRGWEALKYLGSLVQYWGLELKKSAISLLDTVAIAVAEGTDRIIEFIQGICRAIRNIPRRIRQGFEAALQ,A1C,1,50.0,1,400,4
243,TRJO4551_58,MRVMGIRKNYQHLWRWGTMGMMLLGILMICNATEKLWVTVYYGVPVWKEATTTLFCASDAKAYETEVHNVWATHACVPTDPNPQELVLENVTEYFDMWKNNMVEQMHEDIISLWDQSLKPCVKLTPLCVTLNCTDWTNGTDWNTTNSNNTTISKEETIEGGEMKNCSFNITTATGDKKKERAFFYKLDVAPIDNSNTSYRLISCNTSVITQACPKISFEPIPIHYCAPAGFAILKCNDKKFNGTGSCTNVSTVQCTHGIRPVVSTQLLLNGSLAEEEVVIRSKNFSDNAKIIIVQLNESVPINCTRPHNNTRKSIHIGPGRAWYATGDIIGDIRKAYCNISEAKWNNTLKQITEKLKEQFNKTIIVFNQPSGGDPEVTMHSFNCGGEFFYCNTSKLFNGTWNSTKRANNTEGIIILQCRIKQIINRWQEVGKAMYAPPIEGQIKCSSNITGLLLTRDGGKTANNTTEFFRPGGGNMKDNWRSELYKYKVVRIEPLGVAPTKAKRRVVQREKRAIGIGAVFLGFLGAAGSTMGAASITLTVQARKLLSGIVQQQNNLLRAIEAQQHLLQLTVWGIKQLQARVLAVERYLRDQQLLGIWGCSGKLICTTAVPWNSSWSNKSLDTIWNNMTWMQWEKEIDNYTGLIYTLIEESQIQQEKNELDLLKLDQWASLWNWFDITNWLWYIKIFIMIVGGLVGLRIVFAVLSIVNRVRQGYSPLSFQTHLPNSRGPDRPGGIEEEGGERDNGRSRPLVDGFLAIIWVDLRSLCLFSYHHLRGLLLIAARIVELLGRRGWEALKYWWNLLQYWGQELRNSAVSLLNATAIAVAEGTDRIIEVVQRIGRAILNIPRRIRQGAERALQ,B,0,0.2488062498374127,0,400,0
259,GX90_1,MRVRGTQMNWPNLWKWGTLILGLVIICSASNNLWVTVYYGVPVWRDADTTLFCASDAKAQEPEVHNIWATHACVPTDPNPQEIYLENVTENFNMWKNKMVDQMQEDVISLWDQSLKPCVKLTPLCVTLNCANANFTKSNNTTNATLSANQTKSDIPEQVGNLTDEIKNCTFNMTTEIRDKQQKVHALFYRLDIVPMHSNSNNSSNISEYRLINCNTSVIKQACPKVSFDPIPIHYCTPAGYVLLKCNDKNFNGTGPCKNVSSVQCTHGIKPVVSTQLLLNGSLAEGEIIIRSENITNNAKTIIVHLNKSVEINCTRPSNNTITSTRIGPGQVFYRTGEIKGDIRKAYCQINGTKWNKVLGQVAAKLKEHFNGTIKFEPHSGGDLEITTHHFNCRGEFFYCNTTNLFNNTCINNASTKGCNENIILPCRIKQIINMWQGVGQAMYAPPISGKITCRSNITGILLTRDGGNHSTGNETFRPEGGNIKDNWRNELYKYKVVEIEPLGIAPTRAKRRVVEREKRAVGIGAMIFGFLGAAGSTMGAASITLTVQARQLLSGIVQQQSNLLRAIEAQQHLLQLTVWGIKQLQARVLAVERYLKDQKFLGLWGCSGKIICPTAVPWNETWSNKSYEEIWNNMTWVEWEREIGNYTNQIYEILTKSQDQQDRNEKDLLELDKWASLWNWFDITKWLWYIKIFIIIVGSLIGLRIIFAVLSIVNRVRQGYSPLSFQTPTHHQRGPDRPEEIEEGGGEQGRDRSVRLVSGFLALAWDDLRSLCLFSYHRLRDFILIAARTVELLGHSSLQGLRRGWEGLKYLGNLLLYWGQELKISAISLLNAAAIAVGGWTDRVIEVTQRAGRAILHIPRRIRQGLERALV,01_AE,0,0.77,0,400,4
260,ZM55_28A,MRVKGMKRNWQQWWIWGILGFWMLYSGMGSLWVTVYYGVPVWKEAKTTLFCASDAKAYEREVHNVWATHACVPTDPNPQEMVLENVTENFNMWKNDMVDQMHEDIISLWDESLKPCVKLTPLCVTLNCTFITNTTEIKNCTFNMTTELRDIKQQGRALFDTLDIVPLKPPNNSSNYSEYRLISCNTSTITQACPKVSFDPIPIHYCAPAGYAILKCNNKTFNGLGPCNNVSTVQCTHGIKPVVSTQLLLNGSLAEEEIIIRSENLTNNVKTIIVHLNEPVYIVCTRPNNNTRKSMRIGPGQTFYATGDIIGDIRQAHCNISIEKWNTTLEKVKERLKKHFPNKIIKFEPSSGGDLEITTHSFNCRGEFFYCNTANLFNETFMNQTDANQTNATITLQCRIKQIINMWQGVGRAMYAPPIPGRITCNSSITGLILTRDGGENTTDNGTEIFRPGGGDMRDNWRSELYKYKVVEIKPLGIAPTEAKRRVVEREKRAVGIGAVFLGFLGAAGSTMGAASITLTVQARQLLSGIVQQQSNLLRAIEAQQHMLQLTVWGIKQLQARVLAIERYLKDQQLLGIWGCSGKLICTTNVPWNSSWSNKSLGDIWDNMTWMEWDREISNYTNIIFGLLEDSQNQQERNEKDLLALDKWNNLWNWFNITQWLWYIKIFIMIVGGLIGLRIIFAVLSIVNRVRQGYSPLSFQTLFPNPRELDRLGRIEEEGGEQDKGRSIRLVSGFLTLAWDDVRSLCLFSYHRLRDCILIVARVVELLGRSSLRGLQQGWETLKYLGSLVQYWGQELKKSAISLLDTIAIAVAEGTDRIIEIIQRICRAIRNIPRRIRQGFEAALQ,C,0,0.893,0,400,2
268,6240_08_TA5_4622,MRVKGIRKNYQHLWRWGIWRWGIMLLGTLMICSATEKLWVTVYYGVPVWKEATTTLFCASDAKAYSPEKHNIWATHACVPTDPNPQELVLGNVTEDFNMWKNNMVEQMHEDIISLWDQSLKPCVKLTPLCVTLNCTDLKNSATDTNGTSGTNNRTVEQGMETEIKNCSFNITTGIGNKMQKEYALFYKLDVVPIDSNNNSDNTSYRLISCNTSVVTQACPKTSFEPIPIHYCAPAGFAILKCNNKTFSGKGPCKNVSTVQCTHGIRPVVSTQLLLNGSLAEEEIVIRSENFTNNAKTIIVQLNESVIINCTRPNNNTRKGIHIGLGRALYATGDIIGDIRQAHCNLSSKSWNKTLQQVVRKLREQFGNKTIAFNQSSGGDQEIVKHSFNCGGEFFYCDTTQLFNSTWSSNDTWNSTGVQDNNITLPCRIKQIINMWQEVGKAMYAPPIQGLISCSSNITGLLLTRDGGTNNTNATEIFRPGGGDMRDNWRSELYKYKVVKIEPLGIAPTKAKRRVVQREKRAVGLGAVFIGFLGAAGSTMGAASVTLTVQARQLLSGIVQQQNNLLRAIEAQQHMLQLTVWGIKQLQARILAVERYLKDQQILGIWGCSGKLICPTAVPWNASWSNKSLTAIWNNMTWMEWEREIDNYTGLIYSLIEESQIQQEQNEKELLELDKWASLWNWFDITKWLWYIKIFIMIVGGLVGLRIVFTVLSIVNRVRQGYSPLSFQTRLPAQRGPDRPEGIEEEGGERDRGRSNLLVDGFLAIFWVDLRNLCLFSYHRLRDLLLIVTRIVELLGRRGWEALKYWWNLLQYWGQELKSSAVSLFNAIAIAVAEGTDRAIEILQGIFRGILHIPTRIRQGLERALL,B,0,6.3990624313253885,0,400,0
275,3301_V1_C24,MRVKGIQRNSQHLLKWGMIILGMMIICSATEKLWVTVYYGVPVWREAKATLFCASDAKAYDTEVHNVWATHACVPTDPNPQEIILENVTENFNMWKNNMVEQMHEDIISLWDQSLKPCVKLTPLCVTLNCTDVTVNGTIVKVNSTGMKNCSFNITTEIRDKKKKESALFYRLDIVPLDESSDSSSNYSEYRLISCNTSTITQACPKVTFDPIPIHYCAPAGYAILKCNNKTFNGLGPCNNVSTVQCTHGIKPVVSTQLLLNGSLAEEEIIIRSENLTDNVKTIIVHLNDSVPITCTRPNNNTRKSMRIGPGQTFYATGEIIGDIRQAHCNITRNKWNETLERIKRKLREHFPNKTIEFKPSSGGDPEITTHSFNCNGEFFYCNTSGLFNAEEANITDITLPCRIRQIINMWQGVGRAIYAPPIAGNITCTSDITGLLLTRDGGSDGNSTKETFRPGGGDMRDNWRSELYKYKVVEIKPLGVAPTKAKRRVVEREKRAVGIGAVFFGFLGAAGSTMGAASITLTVQARQLLSGIVQQQSNLLRAIEAQQHMLQLTVWGIKQLQTRVLAIERYLKDQQLLGIWGCSGKLICTTTVPWNSSWSNKTQNDIWDNMTWMQWDREINNYTNTIYRLLEESQNQQEKNEQDLLALDKWDNLWSWFSITKWLWYIKIFIMIVGGLIGLRIIFAVLSIVNRVRQGYSPLSFQTLIPSPREPDRPGRIEEEGGEQDRNRSTRLVSGFLALAWDDLRSLCLFSYHLLRDFILIAARTVELLGRSSLRGLQRGWETLKYLGSLVQYWGLELKKSAISLFDTIAIHVAEGTDRIIELVQGICRAIYNIPVRIRQGFEAALQ,C,0,0.0406524256624141,0,400,2
276,CNE59,MRVKETQMNWPNLWKWGTLILGLVIICSASDNLWVTVYYGVPVWRDAETTLFCASDAKAHETEVHNVWATHACVPTDPNPQEIFLKNVTENFNMWRNNMVEQMQEDVVSLWDQSLKPCVKLTPLCVTLKCSNANLTKANLTTVSNIGNITDEIRNCSFNMTTELRDKRQNVYALFYKLDIVQLNENSNNSDEYRLINCNTSVIKQACPKVSFDPIPIHYCTPAGYAILKCNDKNFNGTGPCRNVSSVQCTHGIKPVVSTQLLLNGSLAEEEIIIRSENLTNNAKTIIVHLNKSVEINCIRPSTNTRTSVRIGPGQVFYRTGDIIGDIRKAYCEINGTKWNETLTQVAGKLREHFNTTIIFQPPSGGDLEITMLHFNCRGEFFYCNTSQLFNSTWNNTGENNTMERGNGTDTIILPCKIKQIINMWQGVGQAMYAPPISGNISCVSNITGILLTRDGGNNMTNETFRPGGGNIKDNWRSELYKYKVVQIEPLGVAPTKARRRVVEREKRAVGIGALLFGFLGAAGSTMGAASITLTVQARQLLSGIVQQQSNLLRAIEAQQHLLQLTVWGIKQLQARVLAVERYLEDQKFLGLWGCSGKIICTTNVPWNSTWSNRSYEEIWDNMTWIEWEREISNYTNQIYEILTESQNQQDKNEKDLLELDKWTSLWSWFDITRWLWSIKIFIMIVGGLIGLRIIFAVLSIVNRVRQGYSPLSFQTLTHPQREPDRPERIEEEGGEQGRDRSIRLVSGFLALAWDDLRSLCLFSYHRLRDLLSIVTRTVELLGRSSLKGLRQGWEGLKYLGNLLLYWGQELKISAVSLLDATAIAVAEGTDRIIEVAQRAWRAILHIPRRIRQGLERFLV,01_AE,0,0.22,0,400,4
279,851891_4_15,MRVMGTQRNCQHLLRWGIMILGLMIICSTENLWVTVYYGVPVWKDAETTLFCASDAKAYETEKHNVWATHACVPTDPNPQEIHLENVTEEFNMWKNNMVEQMHTDIISLWDQSLKPCVKLTPLCVTLNCGDPSANITGDGKEEIKNCSFNMTTELRDKKQKVYSLFYRLDIVEINERQGNESQSNSSSKYRLINCNTSAITQTCPKVTFDPIPIHYCAPAGFAILKCKDEEFSGAGPCKNVSTVQCTHGIKPVVSTQLLLNGSLAGKEVKIRSENITNNAKNIIVQLVKPMPINCTRPSNNTRKSVWIGPGQAFYATGDIIGDIRKAHCNVSRSQWNNTLQEVVIQLRKHFGNKTIKFANSSGGDLEITTHSFNCRGEFFYCNTSGLFDSTWSFNSTQESNNTGENDTIILPCRIKQIINMWQRVGQAMYAPPIPGVIQCNSTITGLILTRDGGEDNNNTETFRPAGGDMRDNWRSELYKYKVVKLEPLGVAPTKAKRRVVEREKRAVGLGAVFLGFLGAAGSTMGAASITLTVQARQLLSGIVQQQSNLLRAIEAQQHMLKLTVWGIKQLQARVLAVERYLKDQQLLGIWGCSGRLICTTNVPWNSSWSNKSYSEIWDNMTWLQWDKEVSNYTQIIYKLIEESQNQQEKNEQDLLALDKWASLWTWFDISKWLWYIRIFIMIVGGLIGLRIVFAVLSIINRVRQGYSPLSFQTHTPNPRDLDRPGRIEEEDGEQGRGRSIRLVSGFLALAWDDLRNLCLFCYHRLRDFILIATRTVELLGHSSLKGLRLGWEGLKYLWNLLAYWGRELKISAINLVDTIAIVVAGWTDRIIEIGQILGRVILHIPRRIRQGLERALL,A1,0,0.06,0,400,4
282,WITO4160_33,MKVMGTKKNYQHLWRWGIMLLGMLMMSSAAEQLWVTVYYGVPVWREANTTLFCASDAKAYDTEVHNVWATHACVPTDPNPQEVVMGNVTEDFNMWKNNMVEQMHEDIISLWDQSLKPCVKLTPLCVTLHCTNVTISSTNGSTANVTMREEMKNCSFNTTTVIRDKIQKEYALFYKLDIVPIEGKNTNTGYRLINCNTSVITQACPKVSFEPIPIHYCAPAGFAILKCNNKTFNGKGPCRNVSTVQCTHGIKPVVSTQLLLNGSLAEEDIIIRSENFTNNGKNIIVQLKEPVKINCTRPGNNTRRSINIGPGRAFYATGAIIGDIRKAHCNISTEQWNNTLTQIVDKLREQFGNKTIIFNQSSGGDPEVVMHTFNCGGEFFYCNSTQLFNSTWFNNGTSTWNSTADNITLPCRIKQVINMWQEVGKAMYAPPIRGQIDCSSNITGLILTRDGGSNSSQNETFRPGGGNMKDNWRSELYKYKVVKIEPLGIAPTRAKRRVVQREKRAVTLGAVFLGFLGAAGSTMGAASLTLTVQARLLLSGIVQQQSNLLRAIEAQQHMLQLTVWGIKQLQARVLAIERYLKDQQLLGIWGCSGKLICTTTVPWNTSWSNKSYDYIWNNMTWMQWEREIDNYTGFIYTLIEESQNQQEKNELELLELDKWASLWNWFNITNWLWYIKLFIMIIGGLVGLRIVCAVLSIVNRVRQGYSPLSFQTRLPNPRGPDRPEETEGEGGERDRDRSARLVNGFLAIIWDDLRSLCLFSYHRLRDLLLIVARVVEILGRRGWEILKYWWNLLKYWSQELKNSAVSLLNVTAIAVAEGTDRVIEIVQRAVRAILHIPTRIRQGFERALL,B,0,0.1275199189287405,0,400,0
284,GX54_6,MRVKETQMNWPNLWKWGTLILGLVIICSAADNLWVTVYYGVPVWKDAETTLFCASDAKAHETEVHNIWATHACVPTDPNPQEIPLKNVTENFNMWKNNMVEQMQEDVVSLWDQSLKPCVKLTPLCVTLNCVNANLTHENNSTNVSNDSNRIGNITDEVRNCTFNMTTELRDKKQKVHALFYKLDLVSIDGKRDGKSNSSEVREYRLINCNTSVIKQACPKISFDPIPIHYCTPAGYAILKCNDKDFNGTGPCKNVSSVQCTHGIKPVVSTQLLLNGSLAEEEIIIRSENLTNNAKTIIVHLNKSVIINCTRPSNNTRTSIPIGPGQVFYRTGDIIGDIKKAYCEINRTHWFEALNQTAEKLKEHFNKTIIFQPHSGGDLEITTHHFSCRGEFFYCNTSQLFNYTYKGNETTGGSDDNIILPCRIKQIINMWQGVGQAMYAPPISGIINCVSNITGILLTRDGGTNNNTDETFRPGGGNIKDNWRSELYKYKVVQIEPLGVAPTRAKRRVVDREKRAVGIGAMIFGFLGAAGSTMGAASITLTVQARQLLSGIVQQQSNLLRAIEAQQHLLQLTVWGIKQLQARVLAVERYLKDQKFLGLWGCSGKIICPTSVPWNKTWSNKSFEEIWDNMTWIEWEREISNYTNQIYEILTESQNQQDRNEKDLLELDKWTSLWSWFDITNWLWYIKIFIIIVGGLIGLRIIFAVLSIVNRVRQGYSPLSLQIPTHQQREPDRPERTEEEGGEQGRDRSVRLVTGFLALAWDDLRSLCLFLYRLLRDFGLIAARTVELLGRRGWEVLKYLGNLLLYWGQELKISAISLLDSTAIAVAGWTDRVIEVAQRAWRAILHIPRRIRQGLERALL,01_AE,0,0.45,0,400,4
290,BJ3_4,MRVKETQMNWPNLWSWGTLILGLVIICSASNNLWVTVYYGVPVWRDADTTLFCASDAKAHETEVHNVWATYACVPTDPNPQEIPLENVTENFNMWKNNMAEQMQEDVISLWDQSLKPCVKLTPLCVTLNCINANLTNVNKTTATNGIGNITDEVRNCSFNMTTLLADKKQKVYALFYKLDIVPIEDKDNSTYRLINCNTSVIKQACPKISFDPIPIHYCTPAGYAILKCNDKNFNGTGPCKNVSSVQCTHGIKPVVSTQLLLNGSLAEEKVIIRSENLTNNVKTIIVHLNKSVEITCIRPSNNTRTSISIGPGRTFYRTGDIIGDIRQAYCEINGTKWNETLRQVTKELKEHFKNKTIKFQPPSGGDLEITMHHFICRGEFFYCNTTKLFNSTWIGNETMKKGNDNDTIILPCRIKQFINMWQGVGQTMYAPPISGIIRCVSNITGILLTRDGGNDSAPSEIFRPGGGNIKDNWRSELYKYKVVQIEPLGVAPTKAKRRVVDREKRAVGIGAMIFGFLGAAGSTMGAASITLTVQARQLLSGIVQQQSNLLRAIEAQQHMLQLTVWGIKQLQARVLAVERYLKDQKFLGLWGCSGKIICTTAVPWNSSWSNKSYEQIWNNMTWTEWEREISNYTNQIYDILTKSQDQQDRNEKDLLELDKWASLWNWFDITKWLWYIKIFIIIVGGLIGLRIICAVFSIVNRVRQGYSPLSFQTPSHHQREPDRPGRIEEGGGEQDRDRSVRLVSGFFTIIWDDLRSLCLFSYHRLRDFSLIAARTVELLGRSSLKGLRRGWEGLKYLGNLLLYWGQELKISVISLVDAVAIAVAGWTDRVIEVAQGAWRAILHIPRRIRQGLERALL,01_AE,0,0.04,0,400,4
293,6405_V4_C34,MRVREMKRNCQNLWKGGTLLLGILMICSAANDLWVTVYYGVPVWKEAKTTLFCASDAKSYETEAHNIWATHACVPTDPNPQEVELVNVTENFNMWKNDMVDQMHEDIISLWDESLKPCVKLTPLCVTLQCSEMKNGTRGASNSTGTNNGTISSTDRMNCSFNATTVVNDKQKKVHALFYRLDIEPIGNNSTEYMLINCNTSAIAQSCPKITFEPIPIHYCAPAGFALLKCRDKQFNGTGPCTNVSSVQCTHGIKPVVSTQLLLNGSLAEEDIIIRSENLTDNTKTIIVQLNKSIAINCTRPYNNTRQRIHIGPGQAIWTNDARVIVGDIRQAHCNVSRVDWNNMTQWAATKLGSLYNRSTIIFNHASGGDPEITTHSFTCGGEFFYCNTSGLFNSTWDIMNTSSPNNTDPIITLQCRIKQIINMWQGVGRAIYAPPIAGQILCSSNITGLLLTRDGGADNSSHNETFRPGGGNMKDNWRSELYKYKVVKIEPLGIAPTKARRRVVEREKRAIGLGAMFLGFLGAAGSTMGAASVTLTVQARQLLSGIVQQQSNLLRAIQAQQHLLQLTVWGIKQLQARVLAVERYLKDQQLLGIWGCSGKHICTTNVPWNSSWSNRSLDDIWQNMTWMQWEREIDNYTGLIFSLIEESQIQQEKNEKELLELDKWASLWTWFNITQWLWYIKIFIMIVGGLIGVRIVFAVLSVVNRVRQGYSPLSFQTLLPAPRGPDRPGEIEEEGGERGRDRSIRLVNGFSALIWDDLRNLCLFSYHRLRDLLLITARIVELLGRRGWEALKYLWSLLQYWSQELRNSASSLIDAIAIAVAEGTDRVLEIVQRACRAVINVPVRIRQGLERLLL,D,0,0.2026578558804286,0,400,4
297,BC15,MRVTGIRKNYRHLWRWGTMLLGMLMICSAVGNLWVTVYYGVPVWREATTTLFCASDAKAYDTEVHNVWATHACVPTDPNPQEMFVENVTENFNMWKNDMVNQMHEDVISLWDQSLKPCVKLTPLCVTLECSNVNSSGDHNEAHQESMKEMKNCSFNATTVLRDKKQTVYALFYRLDIVPLTENNSSENSSDYYRLINCNTSAITQACPKVTFDPIPIHYCTPAGYAILKCNDKRFNGTGPCHNVSTVQCTHGIKPVVSTQLLLNGSIAEEEIIIRSENLTDNVKTIIVHLNQSVEITCTRPGNNTRKSIRIGPGQTFYATGDIIGDIRQAHCNISEGKWKETLQNVSRKLKEHFQNKTIKFAASSGGDLEITTHSFNCRGEFFYCNTSGLFNGTYNGTSMSNGTNSNSTITIPCRIKQIINMWQEVGRAMYAPPIAGNITCKSNITGLLLVRDGGNTDSNTTETFRPGGGDMRNNWRSELYKYKVVEIKPLGIAPTAAKRRVVEREKRAVGIGAVFLGFLGAAGSTMGAASITLTVQARQLLSGIVQQQSNLLKAIEAQQHLLQLTVWGIKQLQTRVLAIERYLKDQQLLGIWGCSGKLICTTAVPWNSSWSNKSQKEIWDNMTWMQWDKEISNYTDTIYRLLEDSQNQQEKNEQDLLALDNWKNLWSWFDITNWLWYIKIFIMIVGGLIGLRIIFAVLSIVNRVRQGYSPLSFQTLTPNPGGPDRLGRIEEEGGEQDKDRSIRLVNGFLALAWDDLRNLCLFSYHRLRDFILVAARVVELLGRSSLKGLQRGWEALKYLGSLVQYWGQELKKSAINLIDTIAIAVAEGTDRIIELVQALCRAIYNIPRRIRQGFEAALQ,BC,1,20.0,1,400,4
